ccopy_reg
_reconstructor
p0
(csave_restore_layout.save_restore_layout
LayoutData
p1
c__builtin__
tuple
p2
(V(kicad_pcb (version 20171130) (host pcbnew "(5.1.2)-1")\u000a\u000a  (general\u000a    (thickness 1.6)\u000a    (drawings 2)\u000a    (tracks 247)\u000a    (zones 0)\u000a    (modules 16)\u000a    (nets 31)\u000a  )\u000a\u000a  (page A4)\u000a  (layers\u000a    (0 F.Cu signal)\u000a    (1 In1.Cu power)\u000a    (2 In2.Cu power)\u000a    (31 B.Cu signal)\u000a    (32 B.Adhes user)\u000a    (33 F.Adhes user)\u000a    (34 B.Paste user)\u000a    (35 F.Paste user)\u000a    (36 B.SilkS user)\u000a    (37 F.SilkS user)\u000a    (38 B.Mask user)\u000a    (39 F.Mask user)\u000a    (40 Dwgs.User user)\u000a    (41 Cmts.User user)\u000a    (42 Eco1.User user)\u000a    (43 Eco2.User user)\u000a    (44 Edge.Cuts user)\u000a    (45 Margin user)\u000a    (46 B.CrtYd user hide)\u000a    (47 F.CrtYd user hide)\u000a    (48 B.Fab user hide)\u000a    (49 F.Fab user hide)\u000a  )\u000a\u000a  (setup\u000a    (last_trace_width 0.16)\u000a    (user_trace_width 0.16)\u000a    (user_trace_width 0.25)\u000a    (user_trace_width 0.5)\u000a    (user_trace_width 1)\u000a    (user_trace_width 4)\u000a    (user_trace_width 8)\u000a    (trace_clearance 0.16)\u000a    (zone_clearance 0.254)\u000a    (zone_45_only no)\u000a    (trace_min 0.16)\u000a    (via_size 0.8)\u000a    (via_drill 0.4)\u000a    (via_min_size 0.4)\u000a    (via_min_drill 0.3)\u000a    (user_via 0.7 0.3)\u000a    (user_via 1.2 0.8)\u000a    (uvia_size 0.3)\u000a    (uvia_drill 0.1)\u000a    (uvias_allowed no)\u000a    (uvia_min_size 0.2)\u000a    (uvia_min_drill 0.1)\u000a    (edge_width 0.05)\u000a    (segment_width 0.2)\u000a    (pcb_text_width 0.3)\u000a    (pcb_text_size 1.5 1.5)\u000a    (mod_edge_width 0.12)\u000a    (mod_text_size 1 1)\u000a    (mod_text_width 0.15)\u000a    (pad_size 2.9 2.9)\u000a    (pad_drill 2.5)\u000a    (pad_to_mask_clearance 0.051)\u000a    (solder_mask_min_width 0.25)\u000a    (pad_to_paste_clearance -0.05)\u000a    (aux_axis_origin 138 48)\u000a    (grid_origin 164 56)\u000a    (visible_elements 7FFFFFFF)\u000a    (pcbplotparams\u000a      (layerselection 0x010f0_ffffffff)\u000a      (usegerberextensions false)\u000a      (usegerberattributes false)\u000a      (usegerberadvancedattributes false)\u000a      (creategerberjobfile false)\u000a      (excludeedgelayer true)\u000a      (linewidth 0.100000)\u000a      (plotframeref false)\u000a      (viasonmask false)\u000a      (mode 1)\u000a      (useauxorigin false)\u000a      (hpglpennumber 1)\u000a      (hpglpenspeed 20)\u000a      (hpglpendiameter 15.000000)\u000a      (psnegative false)\u000a      (psa4output false)\u000a      (plotreference true)\u000a      (plotvalue true)\u000a      (plotinvisibletext false)\u000a      (padsonsilk false)\u000a      (subtractmaskfromsilk false)\u000a      (outputformat 1)\u000a      (mirror false)\u000a      (drillshape 0)\u000a      (scaleselection 1)\u000a      (outputdirectory "gerbers"))\u000a  )\u000a\u000a  (net 0 "")\u000a  (net 1 gnd)\u000a  (net 2 v3v3)\u000a  (net 3 rgb_usb.package.green_k)\u000a  (net 4 rgb_usb.package.red_k)\u000a  (net 5 rgb_can_grn_net)\u000a  (net 6 rgb_can_blue_net)\u000a  (net 7 swd.swd.swdio)\u000a  (net 8 usb.port.cc.cc1)\u000a  (net 9 adc_i.cs)\u000a  (net 10 dac_ip.spi.miso)\u000a  (net 11 adc_i.spi.sck)\u000a  (net 12 mcu.digital[7])\u000a  (net 13 control.high_en)\u000a  (net 14 control.low_en)\u000a  (net 15 mcu.xtal.xtal_in)\u000a  (net 16 crystal.crystal.b)\u000a  (net 17 dac_ip.ldac)\u000a  (net 18 dac_in.spi.mosi)\u000a  (net 19 mcu.digital[6])\u000a  (net 20 mcu.digital[5])\u000a  (net 21 mcu.digital[4])\u000a  (net 22 rgb.red)\u000a  (net 23 mcu.swd.swo)\u000a  (net 24 mcu.digital[3])\u000a  (net 25 rgb.green)\u000a  (net 26 mcu.swd.swclk)\u000a  (net 27 swd.swd.reset)\u000a  (net 28 data_usb.usb.dp)\u000a  (net 29 usb_esd.usb.dm)\u000a  (net 30 mcu.digital[0])\u000a\u000a  (net_class Default "This is the default net class."\u000a    (clearance 0.16)\u000a    (trace_width 0.16)\u000a    (via_dia 0.8)\u000a    (via_drill 0.4)\u000a    (uvia_dia 0.3)\u000a    (uvia_drill 0.1)\u000a    (add_net adc_i.cs)\u000a    (add_net adc_i.spi.sck)\u000a    (add_net control.high_en)\u000a    (add_net control.low_en)\u000a    (add_net crystal.crystal.b)\u000a    (add_net dac_in.spi.mosi)\u000a    (add_net dac_ip.ldac)\u000a    (add_net dac_ip.spi.miso)\u000a    (add_net data_usb.usb.dp)\u000a    (add_net gnd)\u000a    (add_net mcu.digital[0])\u000a    (add_net mcu.digital[3])\u000a    (add_net mcu.digital[4])\u000a    (add_net mcu.digital[5])\u000a    (add_net mcu.digital[6])\u000a    (add_net mcu.digital[7])\u000a    (add_net mcu.swd.swclk)\u000a    (add_net mcu.swd.swo)\u000a    (add_net mcu.xtal.xtal_in)\u000a    (add_net pd.cc.cc2)\u000a    (add_net pd.ic.vconn)\u000a    (add_net pwr_usb.cc.cc1)\u000a    (add_net ref_buf.input)\u000a    (add_net "reg_5v.(adapter)boot_cap.pos.src")\u000a    (add_net reg_5v._pwr_out_net)\u000a    (add_net reg_5v._switch_net)\u000a    (add_net reg_5v.en_res.b)\u000a    (add_net reg_5v.fb.output)\u000a    (add_net rgb.green)\u000a    (add_net rgb.red)\u000a    (add_net rgb_can_blue_net)\u000a    (add_net rgb_can_grn_net)\u000a    (add_net rgb_usb.package.green_k)\u000a    (add_net rgb_usb.package.red_k)\u000a    (add_net swd.swd.reset)\u000a    (add_net swd.swd.swdio)\u000a    (add_net usb.port.cc.cc1)\u000a    (add_net usb_esd.usb.dm)\u000a    (add_net v3v3)\u000a  )\u000a\u000a  (module Package_QFP:LQFP-48_7x7mm_P0.5mm (layer F.Cu) (tedit 5C18330E) (tstamp 5E17D6F0)\u000a    (at 164 56 135)\u000a    (descr "LQFP, 48 Pin (https://www.analog.com/media/en/technical-documentation/data-sheets/ltc2358-16.pdf), generated with kicad-footprint-generator ipc_gullwing_generator.py")\u000a    (tags "LQFP QFP")\u000a    (path /mcu/ic)\u000a    (attr smd)\u000a    (fp_text reference mcu.ic (at 0 -5.85 135) (layer F.SilkS)\u000a      (effects (font (size 0.8 0.6) (thickness 0.1)))\u000a    )\u000a    (fp_text value "LPC1549JBD48 (NXP)" (at 0 5.85 135) (layer F.Fab)\u000a      (effects (font (size 0.75 0.5) (thickness 0.1)))\u000a    )\u000a    (fp_line (start 3.16 3.61) (end 3.61 3.61) (layer F.SilkS) (width 0.12))\u000a    (fp_line (start 3.61 3.61) (end 3.61 3.16) (layer F.SilkS) (width 0.12))\u000a    (fp_line (start -3.16 3.61) (end -3.61 3.61) (layer F.SilkS) (width 0.12))\u000a    (fp_line (start -3.61 3.61) (end -3.61 3.16) (layer F.SilkS) (width 0.12))\u000a    (fp_line (start 3.16 -3.61) (end 3.61 -3.61) (layer F.SilkS) (width 0.12))\u000a    (fp_line (start 3.61 -3.61) (end 3.61 -3.16) (layer F.SilkS) (width 0.12))\u000a    (fp_line (start -3.16 -3.61) (end -3.61 -3.61) (layer F.SilkS) (width 0.12))\u000a    (fp_line (start -3.61 -3.61) (end -3.61 -3.16) (layer F.SilkS) (width 0.12))\u000a    (fp_line (start -3.61 -3.16) (end -4.9 -3.16) (layer F.SilkS) (width 0.12))\u000a    (fp_line (start -2.5 -3.5) (end 3.5 -3.5) (layer F.Fab) (width 0.1))\u000a    (fp_line (start 3.5 -3.5) (end 3.5 3.5) (layer F.Fab) (width 0.1))\u000a    (fp_line (start 3.5 3.5) (end -3.5 3.5) (layer F.Fab) (width 0.1))\u000a    (fp_line (start -3.5 3.5) (end -3.5 -2.5) (layer F.Fab) (width 0.1))\u000a    (fp_line (start -3.5 -2.5) (end -2.5 -3.5) (layer F.Fab) (width 0.1))\u000a    (fp_line (start 0 -5.15) (end -3.15 -5.15) (layer F.CrtYd) (width 0.05))\u000a    (fp_line (start -3.15 -5.15) (end -3.15 -3.75) (layer F.CrtYd) (width 0.05))\u000a    (fp_line (start -3.15 -3.75) (end -3.75 -3.75) (layer F.CrtYd) (width 0.05))\u000a    (fp_line (start -3.75 -3.75) (end -3.75 -3.15) (layer F.CrtYd) (width 0.05))\u000a    (fp_line (start -3.75 -3.15) (end -5.15 -3.15) (layer F.CrtYd) (width 0.05))\u000a    (fp_line (start -5.15 -3.15) (end -5.15 0) (layer F.CrtYd) (width 0.05))\u000a    (fp_line (start 0 -5.15) (end 3.15 -5.15) (layer F.CrtYd) (width 0.05))\u000a    (fp_line (start 3.15 -5.15) (end 3.15 -3.75) (layer F.CrtYd) (width 0.05))\u000a    (fp_line (start 3.15 -3.75) (end 3.75 -3.75) (layer F.CrtYd) (width 0.05))\u000a    (fp_line (start 3.75 -3.75) (end 3.75 -3.15) (layer F.CrtYd) (width 0.05))\u000a    (fp_line (start 3.75 -3.15) (end 5.15 -3.15) (layer F.CrtYd) (width 0.05))\u000a    (fp_line (start 5.15 -3.15) (end 5.15 0) (layer F.CrtYd) (width 0.05))\u000a    (fp_line (start 0 5.15) (end -3.15 5.15) (layer F.CrtYd) (width 0.05))\u000a    (fp_line (start -3.15 5.15) (end -3.15 3.75) (layer F.CrtYd) (width 0.05))\u000a    (fp_line (start -3.15 3.75) (end -3.75 3.75) (layer F.CrtYd) (width 0.05))\u000a    (fp_line (start -3.75 3.75) (end -3.75 3.15) (layer F.CrtYd) (width 0.05))\u000a    (fp_line (start -3.75 3.15) (end -5.15 3.15) (layer F.CrtYd) (width 0.05))\u000a    (fp_line (start -5.15 3.15) (end -5.15 0) (layer F.CrtYd) (width 0.05))\u000a    (fp_line (start 0 5.15) (end 3.15 5.15) (layer F.CrtYd) (width 0.05))\u000a    (fp_line (start 3.15 5.15) (end 3.15 3.75) (layer F.CrtYd) (width 0.05))\u000a    (fp_line (start 3.15 3.75) (end 3.75 3.75) (layer F.CrtYd) (width 0.05))\u000a    (fp_line (start 3.75 3.75) (end 3.75 3.15) (layer F.CrtYd) (width 0.05))\u000a    (fp_line (start 3.75 3.15) (end 5.15 3.15) (layer F.CrtYd) (width 0.05))\u000a    (fp_line (start 5.15 3.15) (end 5.15 0) (layer F.CrtYd) (width 0.05))\u000a    (fp_text user %R (at 0 0 135) (layer F.Fab)\u000a      (effects (font (size 0.8 0.6) (thickness 0.1)))\u000a    )\u000a    (pad 1 smd roundrect (at -4.1625 -2.75 135) (size 1.475 0.3) (layers F.Cu F.Paste F.Mask) (roundrect_rratio 0.25)\u000a      (net 18 dac_in.spi.mosi))\u000a    (pad 2 smd roundrect (at -4.1625 -2.25 135) (size 1.475 0.3) (layers F.Cu F.Paste F.Mask) (roundrect_rratio 0.25)\u000a      (net 22 rgb.red))\u000a    (pad 3 smd roundrect (at -4.1625 -1.75 135) (size 1.475 0.3) (layers F.Cu F.Paste F.Mask) (roundrect_rratio 0.25)\u000a      (net 12 mcu.digital[7]))\u000a    (pad 4 smd roundrect (at -4.1625 -1.25 135) (size 1.475 0.3) (layers F.Cu F.Paste F.Mask) (roundrect_rratio 0.25))\u000a    (pad 5 smd roundrect (at -4.1625 -0.75 135) (size 1.475 0.3) (layers F.Cu F.Paste F.Mask) (roundrect_rratio 0.25))\u000a    (pad 6 smd roundrect (at -4.1625 -0.25 135) (size 1.475 0.3) (layers F.Cu F.Paste F.Mask) (roundrect_rratio 0.25)\u000a      (net 21 mcu.digital[4]))\u000a    (pad 7 smd roundrect (at -4.1625 0.25 135) (size 1.475 0.3) (layers F.Cu F.Paste F.Mask) (roundrect_rratio 0.25))\u000a    (pad 8 smd roundrect (at -4.1625 0.75 135) (size 1.475 0.3) (layers F.Cu F.Paste F.Mask) (roundrect_rratio 0.25)\u000a      (net 17 dac_ip.ldac))\u000a    (pad 9 smd roundrect (at -4.1625 1.25 135) (size 1.475 0.3) (layers F.Cu F.Paste F.Mask) (roundrect_rratio 0.25)\u000a      (net 23 mcu.swd.swo))\u000a    (pad 10 smd roundrect (at -4.1625 1.75 135) (size 1.475 0.3) (layers F.Cu F.Paste F.Mask) (roundrect_rratio 0.25)\u000a      (net 2 v3v3))\u000a    (pad 11 smd roundrect (at -4.1625 2.25 135) (size 1.475 0.3) (layers F.Cu F.Paste F.Mask) (roundrect_rratio 0.25)\u000a      (net 1 gnd))\u000a    (pad 12 smd roundrect (at -4.1625 2.75 135) (size 1.475 0.3) (layers F.Cu F.Paste F.Mask) (roundrect_rratio 0.25))\u000a    (pad 13 smd roundrect (at -2.75 4.1625 135) (size 0.3 1.475) (layers F.Cu F.Paste F.Mask) (roundrect_rratio 0.25)\u000a      (net 11 adc_i.spi.sck))\u000a    (pad 14 smd roundrect (at -2.25 4.1625 135) (size 0.3 1.475) (layers F.Cu F.Paste F.Mask) (roundrect_rratio 0.25)\u000a      (net 2 v3v3))\u000a    (pad 15 smd roundrect (at -1.75 4.1625 135) (size 0.3 1.475) (layers F.Cu F.Paste F.Mask) (roundrect_rratio 0.25)\u000a      (net 24 mcu.digital[3]))\u000a    (pad 16 smd roundrect (at -1.25 4.1625 135) (size 0.3 1.475) (layers F.Cu F.Paste F.Mask) (roundrect_rratio 0.25)\u000a      (net 2 v3v3))\u000a    (pad 17 smd roundrect (at -0.75 4.1625 135) (size 0.3 1.475) (layers F.Cu F.Paste F.Mask) (roundrect_rratio 0.25)\u000a      (net 1 gnd))\u000a    (pad 18 smd roundrect (at -0.25 4.1625 135) (size 0.3 1.475) (layers F.Cu F.Paste F.Mask) (roundrect_rratio 0.25)\u000a      (net 25 rgb.green))\u000a    (pad 19 smd roundrect (at 0.25 4.1625 135) (size 0.3 1.475) (layers F.Cu F.Paste F.Mask) (roundrect_rratio 0.25))\u000a    (pad 20 smd roundrect (at 0.75 4.1625 135) (size 0.3 1.475) (layers F.Cu F.Paste F.Mask) (roundrect_rratio 0.25)\u000a      (net 1 gnd))\u000a    (pad 21 smd roundrect (at 1.25 4.1625 135) (size 0.3 1.475) (layers F.Cu F.Paste F.Mask) (roundrect_rratio 0.25))\u000a    (pad 22 smd roundrect (at 1.75 4.1625 135) (size 0.3 1.475) (layers F.Cu F.Paste F.Mask) (roundrect_rratio 0.25))\u000a    (pad 23 smd roundrect (at 2.25 4.1625 135) (size 0.3 1.475) (layers F.Cu F.Paste F.Mask) (roundrect_rratio 0.25)\u000a      (net 9 adc_i.cs))\u000a    (pad 24 smd roundrect (at 2.75 4.1625 135) (size 0.3 1.475) (layers F.Cu F.Paste F.Mask) (roundrect_rratio 0.25))\u000a    (pad 25 smd roundrect (at 4.1625 2.75 135) (size 1.475 0.3) (layers F.Cu F.Paste F.Mask) (roundrect_rratio 0.25)\u000a      (net 16 crystal.crystal.b))\u000a    (pad 26 smd roundrect (at 4.1625 2.25 135) (size 1.475 0.3) (layers F.Cu F.Paste F.Mask) (roundrect_rratio 0.25)\u000a      (net 15 mcu.xtal.xtal_in))\u000a    (pad 27 smd roundrect (at 4.1625 1.75 135) (size 1.475 0.3) (layers F.Cu F.Paste F.Mask) (roundrect_rratio 0.25)\u000a      (net 2 v3v3))\u000a    (pad 28 smd roundrect (at 4.1625 1.25 135) (size 1.475 0.3) (layers F.Cu F.Paste F.Mask) (roundrect_rratio 0.25)\u000a      (net 20 mcu.digital[5]))\u000a    (pad 29 smd roundrect (at 4.1625 0.75 135) (size 1.475 0.3) (layers F.Cu F.Paste F.Mask) (roundrect_rratio 0.25)\u000a      (net 26 mcu.swd.swclk))\u000a    (pad 30 smd roundrect (at 4.1625 0.25 135) (size 1.475 0.3) (layers F.Cu F.Paste F.Mask) (roundrect_rratio 0.25)\u000a      (net 2 v3v3))\u000a    (pad 31 smd roundrect (at 4.1625 -0.25 135) (size 1.475 0.3) (layers F.Cu F.Paste F.Mask) (roundrect_rratio 0.25))\u000a    (pad 32 smd roundrect (at 4.1625 -0.75 135) (size 1.475 0.3) (layers F.Cu F.Paste F.Mask) (roundrect_rratio 0.25))\u000a    (pad 33 smd roundrect (at 4.1625 -1.25 135) (size 1.475 0.3) (layers F.Cu F.Paste F.Mask) (roundrect_rratio 0.25)\u000a      (net 7 swd.swd.swdio))\u000a    (pad 34 smd roundrect (at 4.1625 -1.75 135) (size 1.475 0.3) (layers F.Cu F.Paste F.Mask) (roundrect_rratio 0.25)\u000a      (net 27 swd.swd.reset))\u000a    (pad 35 smd roundrect (at 4.1625 -2.25 135) (size 1.475 0.3) (layers F.Cu F.Paste F.Mask) (roundrect_rratio 0.25)\u000a      (net 28 data_usb.usb.dp))\u000a    (pad 36 smd roundrect (at 4.1625 -2.75 135) (size 1.475 0.3) (layers F.Cu F.Paste F.Mask) (roundrect_rratio 0.25)\u000a      (net 29 usb_esd.usb.dm))\u000a    (pad 37 smd roundrect (at 2.75 -4.1625 135) (size 0.3 1.475) (layers F.Cu F.Paste F.Mask) (roundrect_rratio 0.25))\u000a    (pad 38 smd roundrect (at 2.25 -4.1625 135) (size 0.3 1.475) (layers F.Cu F.Paste F.Mask) (roundrect_rratio 0.25))\u000a    (pad 39 smd roundrect (at 1.75 -4.1625 135) (size 0.3 1.475) (layers F.Cu F.Paste F.Mask) (roundrect_rratio 0.25)\u000a      (net 2 v3v3))\u000a    (pad 40 smd roundrect (at 1.25 -4.1625 135) (size 0.3 1.475) (layers F.Cu F.Paste F.Mask) (roundrect_rratio 0.25)\u000a      (net 1 gnd))\u000a    (pad 41 smd roundrect (at 0.75 -4.1625 135) (size 0.3 1.475) (layers F.Cu F.Paste F.Mask) (roundrect_rratio 0.25)\u000a      (net 1 gnd))\u000a    (pad 42 smd roundrect (at 0.25 -4.1625 135) (size 0.3 1.475) (layers F.Cu F.Paste F.Mask) (roundrect_rratio 0.25)\u000a      (net 2 v3v3))\u000a    (pad 43 smd roundrect (at -0.25 -4.1625 135) (size 0.3 1.475) (layers F.Cu F.Paste F.Mask) (roundrect_rratio 0.25)\u000a      (net 19 mcu.digital[6]))\u000a    (pad 44 smd roundrect (at -0.75 -4.1625 135) (size 0.3 1.475) (layers F.Cu F.Paste F.Mask) (roundrect_rratio 0.25)\u000a      (net 14 control.low_en))\u000a    (pad 45 smd roundrect (at -1.25 -4.1625 135) (size 0.3 1.475) (layers F.Cu F.Paste F.Mask) (roundrect_rratio 0.25)\u000a      (net 10 dac_ip.spi.miso))\u000a    (pad 46 smd roundrect (at -1.75 -4.1625 135) (size 0.3 1.475) (layers F.Cu F.Paste F.Mask) (roundrect_rratio 0.25)\u000a      (net 30 mcu.digital[0]))\u000a    (pad 47 smd roundrect (at -2.25 -4.1625 135) (size 0.3 1.475) (layers F.Cu F.Paste F.Mask) (roundrect_rratio 0.25)\u000a      (net 13 control.high_en))\u000a    (pad 48 smd roundrect (at -2.75 -4.1625 135) (size 0.3 1.475) (layers F.Cu F.Paste F.Mask) (roundrect_rratio 0.25))\u000a    (model ${KISYS3DMOD}/Package_QFP.3dshapes/LQFP-48_7x7mm_P0.5mm.wrl\u000a      (at (xyz 0 0 0))\u000a      (scale (xyz 1 1 1))\u000a      (rotate (xyz 0 0 0))\u000a    )\u000a  )\u000a\u000a  (module Capacitor_SMD:C_0603_1608Metric (layer B.Cu) (tedit 5B301BBE) (tstamp 5E1A8ADF)\u000a    (at 166 53)\u000a    (descr "Capacitor SMD 0603 (1608 Metric), square (rectangular) end terminal, IPC_7351 nominal, (Body size source: http://www.tortai-tech.com/upload/download/2011102023233369053.pdf), generated with kicad-footprint-generator")\u000a    (tags capacitor)\u000a    (path /mcu/pwr_cap[0])\u000a    (attr smd)\u000a    (fp_text reference mcu.pwr_cap[0] (at 0 1) (layer B.SilkS)\u000a      (effects (font (size 0.8 0.6) (thickness 0.1)) (justify mirror))\u000a    )\u000a    (fp_text value "CL10B104KB8NNNC (Samsung Electro-Mechanics) - 0.1µF, 50V" (at 0 -1.43) (layer B.Fab)\u000a      (effects (font (size 0.75 0.5) (thickness 0.1)) (justify mirror))\u000a    )\u000a    (fp_line (start -0.8 -0.4) (end -0.8 0.4) (layer B.Fab) (width 0.1))\u000a    (fp_line (start -0.8 0.4) (end 0.8 0.4) (layer B.Fab) (width 0.1))\u000a    (fp_line (start 0.8 0.4) (end 0.8 -0.4) (layer B.Fab) (width 0.1))\u000a    (fp_line (start 0.8 -0.4) (end -0.8 -0.4) (layer B.Fab) (width 0.1))\u000a    (fp_line (start -0.162779 0.51) (end 0.162779 0.51) (layer B.SilkS) (width 0.12))\u000a    (fp_line (start -0.162779 -0.51) (end 0.162779 -0.51) (layer B.SilkS) (width 0.12))\u000a    (fp_line (start -1.48 -0.73) (end -1.48 0.73) (layer B.CrtYd) (width 0.05))\u000a    (fp_line (start -1.48 0.73) (end 1.48 0.73) (layer B.CrtYd) (width 0.05))\u000a    (fp_line (start 1.48 0.73) (end 1.48 -0.73) (layer B.CrtYd) (width 0.05))\u000a    (fp_line (start 1.48 -0.73) (end -1.48 -0.73) (layer B.CrtYd) (width 0.05))\u000a    (fp_text user %R (at 0 0) (layer B.Fab)\u000a      (effects (font (size 0.8 0.6) (thickness 0.1)) (justify mirror))\u000a    )\u000a    (pad 1 smd roundrect (at -0.7875 0) (size 0.875 0.95) (layers B.Cu B.Paste B.Mask) (roundrect_rratio 0.25)\u000a      (net 2 v3v3))\u000a    (pad 2 smd roundrect (at 0.7875 0) (size 0.875 0.95) (layers B.Cu B.Paste B.Mask) (roundrect_rratio 0.25)\u000a      (net 1 gnd))\u000a    (model ${KISYS3DMOD}/Capacitor_SMD.3dshapes/C_0603_1608Metric.wrl\u000a      (at (xyz 0 0 0))\u000a      (scale (xyz 1 1 1))\u000a      (rotate (xyz 0 0 0))\u000a    )\u000a  )\u000a\u000a  (module Capacitor_SMD:C_0603_1608Metric (layer B.Cu) (tedit 5B301BBE) (tstamp 5E1A895F)\u000a    (at 164 51)\u000a    (descr "Capacitor SMD 0603 (1608 Metric), square (rectangular) end terminal, IPC_7351 nominal, (Body size source: http://www.tortai-tech.com/upload/download/2011102023233369053.pdf), generated with kicad-footprint-generator")\u000a    (tags capacitor)\u000a    (path /mcu/pwr_cap[1])\u000a    (attr smd)\u000a    (fp_text reference mcu.pwr_cap[1] (at 0 1) (layer B.SilkS)\u000a      (effects (font (size 0.8 0.6) (thickness 0.1)) (justify mirror))\u000a    )\u000a    (fp_text value "CL10B103KB8NNNC (Samsung Electro-Mechanics) - 10000pF, 50V" (at 0 -1.43) (layer B.Fab)\u000a      (effects (font (size 0.75 0.5) (thickness 0.1)) (justify mirror))\u000a    )\u000a    (fp_text user %R (at 0 0) (layer B.Fab)\u000a      (effects (font (size 0.8 0.6) (thickness 0.1)) (justify mirror))\u000a    )\u000a    (fp_line (start 1.48 -0.73) (end -1.48 -0.73) (layer B.CrtYd) (width 0.05))\u000a    (fp_line (start 1.48 0.73) (end 1.48 -0.73) (layer B.CrtYd) (width 0.05))\u000a    (fp_line (start -1.48 0.73) (end 1.48 0.73) (layer B.CrtYd) (width 0.05))\u000a    (fp_line (start -1.48 -0.73) (end -1.48 0.73) (layer B.CrtYd) (width 0.05))\u000a    (fp_line (start -0.162779 -0.51) (end 0.162779 -0.51) (layer B.SilkS) (width 0.12))\u000a    (fp_line (start -0.162779 0.51) (end 0.162779 0.51) (layer B.SilkS) (width 0.12))\u000a    (fp_line (start 0.8 -0.4) (end -0.8 -0.4) (layer B.Fab) (width 0.1))\u000a    (fp_line (start 0.8 0.4) (end 0.8 -0.4) (layer B.Fab) (width 0.1))\u000a    (fp_line (start -0.8 0.4) (end 0.8 0.4) (layer B.Fab) (width 0.1))\u000a    (fp_line (start -0.8 -0.4) (end -0.8 0.4) (layer B.Fab) (width 0.1))\u000a    (pad 2 smd roundrect (at 0.7875 0) (size 0.875 0.95) (layers B.Cu B.Paste B.Mask) (roundrect_rratio 0.25)\u000a      (net 1 gnd))\u000a    (pad 1 smd roundrect (at -0.7875 0) (size 0.875 0.95) (layers B.Cu B.Paste B.Mask) (roundrect_rratio 0.25)\u000a      (net 2 v3v3))\u000a    (model ${KISYS3DMOD}/Capacitor_SMD.3dshapes/C_0603_1608Metric.wrl\u000a      (at (xyz 0 0 0))\u000a      (scale (xyz 1 1 1))\u000a      (rotate (xyz 0 0 0))\u000a    )\u000a  )\u000a\u000a  (module Capacitor_SMD:C_0603_1608Metric (layer B.Cu) (tedit 5B301BBE) (tstamp 5E17D723)\u000a    (at 160 55)\u000a    (descr "Capacitor SMD 0603 (1608 Metric), square (rectangular) end terminal, IPC_7351 nominal, (Body size source: http://www.tortai-tech.com/upload/download/2011102023233369053.pdf), generated with kicad-footprint-generator")\u000a    (tags capacitor)\u000a    (path /mcu/pwr_cap[2])\u000a    (attr smd)\u000a    (fp_text reference mcu.pwr_cap[2] (at 0 -1) (layer B.SilkS)\u000a      (effects (font (size 0.8 0.6) (thickness 0.1)) (justify mirror))\u000a    )\u000a    (fp_text value "CL10B104KB8NNNC (Samsung Electro-Mechanics) - 0.1µF, 50V" (at 0 -1.43) (layer B.Fab)\u000a      (effects (font (size 0.75 0.5) (thickness 0.1)) (justify mirror))\u000a    )\u000a    (fp_line (start -0.8 -0.4) (end -0.8 0.4) (layer B.Fab) (width 0.1))\u000a    (fp_line (start -0.8 0.4) (end 0.8 0.4) (layer B.Fab) (width 0.1))\u000a    (fp_line (start 0.8 0.4) (end 0.8 -0.4) (layer B.Fab) (width 0.1))\u000a    (fp_line (start 0.8 -0.4) (end -0.8 -0.4) (layer B.Fab) (width 0.1))\u000a    (fp_line (start -0.162779 0.51) (end 0.162779 0.51) (layer B.SilkS) (width 0.12))\u000a    (fp_line (start -0.162779 -0.51) (end 0.162779 -0.51) (layer B.SilkS) (width 0.12))\u000a    (fp_line (start -1.48 -0.73) (end -1.48 0.73) (layer B.CrtYd) (width 0.05))\u000a    (fp_line (start -1.48 0.73) (end 1.48 0.73) (layer B.CrtYd) (width 0.05))\u000a    (fp_line (start 1.48 0.73) (end 1.48 -0.73) (layer B.CrtYd) (width 0.05))\u000a    (fp_line (start 1.48 -0.73) (end -1.48 -0.73) (layer B.CrtYd) (width 0.05))\u000a    (fp_text user %R (at 0 0) (layer B.Fab)\u000a      (effects (font (size 0.8 0.6) (thickness 0.1)) (justify mirror))\u000a    )\u000a    (pad 1 smd roundrect (at -0.7875 0) (size 0.875 0.95) (layers B.Cu B.Paste B.Mask) (roundrect_rratio 0.25)\u000a      (net 2 v3v3))\u000a    (pad 2 smd roundrect (at 0.7875 0) (size 0.875 0.95) (layers B.Cu B.Paste B.Mask) (roundrect_rratio 0.25)\u000a      (net 1 gnd))\u000a    (model ${KISYS3DMOD}/Capacitor_SMD.3dshapes/C_0603_1608Metric.wrl\u000a      (at (xyz 0 0 0))\u000a      (scale (xyz 1 1 1))\u000a      (rotate (xyz 0 0 0))\u000a    )\u000a  )\u000a\u000a  (module Capacitor_SMD:C_0603_1608Metric (layer B.Cu) (tedit 5B301BBE) (tstamp 5E1A8AAF)\u000a    (at 160 57)\u000a    (descr "Capacitor SMD 0603 (1608 Metric), square (rectangular) end terminal, IPC_7351 nominal, (Body size source: http://www.tortai-tech.com/upload/download/2011102023233369053.pdf), generated with kicad-footprint-generator")\u000a    (tags capacitor)\u000a    (path /mcu/pwr_cap[3])\u000a    (attr smd)\u000a    (fp_text reference mcu.pwr_cap[3] (at 0 1) (layer B.SilkS)\u000a      (effects (font (size 0.8 0.6) (thickness 0.1)) (justify mirror))\u000a    )\u000a    (fp_text value "CL10B103KB8NNNC (Samsung Electro-Mechanics) - 10000pF, 50V" (at 0 -1.43) (layer B.Fab)\u000a      (effects (font (size 0.75 0.5) (thickness 0.1)) (justify mirror))\u000a    )\u000a    (fp_line (start -0.8 -0.4) (end -0.8 0.4) (layer B.Fab) (width 0.1))\u000a    (fp_line (start -0.8 0.4) (end 0.8 0.4) (layer B.Fab) (width 0.1))\u000a    (fp_line (start 0.8 0.4) (end 0.8 -0.4) (layer B.Fab) (width 0.1))\u000a    (fp_line (start 0.8 -0.4) (end -0.8 -0.4) (layer B.Fab) (width 0.1))\u000a    (fp_line (start -0.162779 0.51) (end 0.162779 0.51) (layer B.SilkS) (width 0.12))\u000a    (fp_line (start -0.162779 -0.51) (end 0.162779 -0.51) (layer B.SilkS) (width 0.12))\u000a    (fp_line (start -1.48 -0.73) (end -1.48 0.73) (layer B.CrtYd) (width 0.05))\u000a    (fp_line (start -1.48 0.73) (end 1.48 0.73) (layer B.CrtYd) (width 0.05))\u000a    (fp_line (start 1.48 0.73) (end 1.48 -0.73) (layer B.CrtYd) (width 0.05))\u000a    (fp_line (start 1.48 -0.73) (end -1.48 -0.73) (layer B.CrtYd) (width 0.05))\u000a    (fp_text user %R (at 0 0) (layer B.Fab)\u000a      (effects (font (size 0.8 0.6) (thickness 0.1)) (justify mirror))\u000a    )\u000a    (pad 1 smd roundrect (at -0.7875 0) (size 0.875 0.95) (layers B.Cu B.Paste B.Mask) (roundrect_rratio 0.25)\u000a      (net 2 v3v3))\u000a    (pad 2 smd roundrect (at 0.7875 0) (size 0.875 0.95) (layers B.Cu B.Paste B.Mask) (roundrect_rratio 0.25)\u000a      (net 1 gnd))\u000a    (model ${KISYS3DMOD}/Capacitor_SMD.3dshapes/C_0603_1608Metric.wrl\u000a      (at (xyz 0 0 0))\u000a      (scale (xyz 1 1 1))\u000a      (rotate (xyz 0 0 0))\u000a    )\u000a  )\u000a\u000a  (module Capacitor_SMD:C_0603_1608Metric (layer B.Cu) (tedit 5B301BBE) (tstamp 5E1A8A7F)\u000a    (at 164 61)\u000a    (descr "Capacitor SMD 0603 (1608 Metric), square (rectangular) end terminal, IPC_7351 nominal, (Body size source: http://www.tortai-tech.com/upload/download/2011102023233369053.pdf), generated with kicad-footprint-generator")\u000a    (tags capacitor)\u000a    (path /mcu/pwr_cap[4])\u000a    (attr smd)\u000a    (fp_text reference mcu.pwr_cap[4] (at 0 -1) (layer B.SilkS)\u000a      (effects (font (size 0.8 0.6) (thickness 0.1)) (justify mirror))\u000a    )\u000a    (fp_text value "CL10B104KB8NNNC (Samsung Electro-Mechanics) - 0.1µF, 50V" (at 0 -1.43) (layer B.Fab)\u000a      (effects (font (size 0.75 0.5) (thickness 0.1)) (justify mirror))\u000a    )\u000a    (fp_text user %R (at 0 0) (layer B.Fab)\u000a      (effects (font (size 0.8 0.6) (thickness 0.1)) (justify mirror))\u000a    )\u000a    (fp_line (start 1.48 -0.73) (end -1.48 -0.73) (layer B.CrtYd) (width 0.05))\u000a    (fp_line (start 1.48 0.73) (end 1.48 -0.73) (layer B.CrtYd) (width 0.05))\u000a    (fp_line (start -1.48 0.73) (end 1.48 0.73) (layer B.CrtYd) (width 0.05))\u000a    (fp_line (start -1.48 -0.73) (end -1.48 0.73) (layer B.CrtYd) (width 0.05))\u000a    (fp_line (start -0.162779 -0.51) (end 0.162779 -0.51) (layer B.SilkS) (width 0.12))\u000a    (fp_line (start -0.162779 0.51) (end 0.162779 0.51) (layer B.SilkS) (width 0.12))\u000a    (fp_line (start 0.8 -0.4) (end -0.8 -0.4) (layer B.Fab) (width 0.1))\u000a    (fp_line (start 0.8 0.4) (end 0.8 -0.4) (layer B.Fab) (width 0.1))\u000a    (fp_line (start -0.8 0.4) (end 0.8 0.4) (layer B.Fab) (width 0.1))\u000a    (fp_line (start -0.8 -0.4) (end -0.8 0.4) (layer B.Fab) (width 0.1))\u000a    (pad 2 smd roundrect (at 0.7875 0) (size 0.875 0.95) (layers B.Cu B.Paste B.Mask) (roundrect_rratio 0.25)\u000a      (net 1 gnd))\u000a    (pad 1 smd roundrect (at -0.7875 0) (size 0.875 0.95) (layers B.Cu B.Paste B.Mask) (roundrect_rratio 0.25)\u000a      (net 2 v3v3))\u000a    (model ${KISYS3DMOD}/Capacitor_SMD.3dshapes/C_0603_1608Metric.wrl\u000a      (at (xyz 0 0 0))\u000a      (scale (xyz 1 1 1))\u000a      (rotate (xyz 0 0 0))\u000a    )\u000a  )\u000a\u000a  (module Capacitor_SMD:C_0603_1608Metric (layer B.Cu) (tedit 5B301BBE) (tstamp 5E1A8A4F)\u000a    (at 162 59)\u000a    (descr "Capacitor SMD 0603 (1608 Metric), square (rectangular) end terminal, IPC_7351 nominal, (Body size source: http://www.tortai-tech.com/upload/download/2011102023233369053.pdf), generated with kicad-footprint-generator")\u000a    (tags capacitor)\u000a    (path /mcu/pwr_cap[5])\u000a    (attr smd)\u000a    (fp_text reference mcu.pwr_cap[5] (at 0 -1) (layer B.SilkS)\u000a      (effects (font (size 0.8 0.6) (thickness 0.1)) (justify mirror))\u000a    )\u000a    (fp_text value "CL10B103KB8NNNC (Samsung Electro-Mechanics) - 10000pF, 50V" (at 0 -1.43) (layer B.Fab)\u000a      (effects (font (size 0.75 0.5) (thickness 0.1)) (justify mirror))\u000a    )\u000a    (fp_text user %R (at 0 0) (layer B.Fab)\u000a      (effects (font (size 0.8 0.6) (thickness 0.1)) (justify mirror))\u000a    )\u000a    (fp_line (start 1.48 -0.73) (end -1.48 -0.73) (layer B.CrtYd) (width 0.05))\u000a    (fp_line (start 1.48 0.73) (end 1.48 -0.73) (layer B.CrtYd) (width 0.05))\u000a    (fp_line (start -1.48 0.73) (end 1.48 0.73) (layer B.CrtYd) (width 0.05))\u000a    (fp_line (start -1.48 -0.73) (end -1.48 0.73) (layer B.CrtYd) (width 0.05))\u000a    (fp_line (start -0.162779 -0.51) (end 0.162779 -0.51) (layer B.SilkS) (width 0.12))\u000a    (fp_line (start -0.162779 0.51) (end 0.162779 0.51) (layer B.SilkS) (width 0.12))\u000a    (fp_line (start 0.8 -0.4) (end -0.8 -0.4) (layer B.Fab) (width 0.1))\u000a    (fp_line (start 0.8 0.4) (end 0.8 -0.4) (layer B.Fab) (width 0.1))\u000a    (fp_line (start -0.8 0.4) (end 0.8 0.4) (layer B.Fab) (width 0.1))\u000a    (fp_line (start -0.8 -0.4) (end -0.8 0.4) (layer B.Fab) (width 0.1))\u000a    (pad 2 smd roundrect (at 0.7875 0) (size 0.875 0.95) (layers B.Cu B.Paste B.Mask) (roundrect_rratio 0.25)\u000a      (net 1 gnd))\u000a    (pad 1 smd roundrect (at -0.7875 0) (size 0.875 0.95) (layers B.Cu B.Paste B.Mask) (roundrect_rratio 0.25)\u000a      (net 2 v3v3))\u000a    (model ${KISYS3DMOD}/Capacitor_SMD.3dshapes/C_0603_1608Metric.wrl\u000a      (at (xyz 0 0 0))\u000a      (scale (xyz 1 1 1))\u000a      (rotate (xyz 0 0 0))\u000a    )\u000a  )\u000a\u000a  (module Capacitor_SMD:C_0603_1608Metric (layer B.Cu) (tedit 5B301BBE) (tstamp 5E1A8A1F)\u000a    (at 168 55)\u000a    (descr "Capacitor SMD 0603 (1608 Metric), square (rectangular) end terminal, IPC_7351 nominal, (Body size source: http://www.tortai-tech.com/upload/download/2011102023233369053.pdf), generated with kicad-footprint-generator")\u000a    (tags capacitor)\u000a    (path /mcu/pwra_cap[0])\u000a    (attr smd)\u000a    (fp_text reference mcu.pwra_cap[0] (at 0 -1) (layer B.SilkS)\u000a      (effects (font (size 0.8 0.6) (thickness 0.1)) (justify mirror))\u000a    )\u000a    (fp_text value "CL10B104KB8NNNC (Samsung Electro-Mechanics) - 0.1µF, 50V" (at 0 -1.43) (layer B.Fab)\u000a      (effects (font (size 0.75 0.5) (thickness 0.1)) (justify mirror))\u000a    )\u000a    (fp_line (start -0.8 -0.4) (end -0.8 0.4) (layer B.Fab) (width 0.1))\u000a    (fp_line (start -0.8 0.4) (end 0.8 0.4) (layer B.Fab) (width 0.1))\u000a    (fp_line (start 0.8 0.4) (end 0.8 -0.4) (layer B.Fab) (width 0.1))\u000a    (fp_line (start 0.8 -0.4) (end -0.8 -0.4) (layer B.Fab) (width 0.1))\u000a    (fp_line (start -0.162779 0.51) (end 0.162779 0.51) (layer B.SilkS) (width 0.12))\u000a    (fp_line (start -0.162779 -0.51) (end 0.162779 -0.51) (layer B.SilkS) (width 0.12))\u000a    (fp_line (start -1.48 -0.73) (end -1.48 0.73) (layer B.CrtYd) (width 0.05))\u000a    (fp_line (start -1.48 0.73) (end 1.48 0.73) (layer B.CrtYd) (width 0.05))\u000a    (fp_line (start 1.48 0.73) (end 1.48 -0.73) (layer B.CrtYd) (width 0.05))\u000a    (fp_line (start 1.48 -0.73) (end -1.48 -0.73) (layer B.CrtYd) (width 0.05))\u000a    (fp_text user %R (at 0 0) (layer B.Fab)\u000a      (effects (font (size 0.8 0.6) (thickness 0.1)) (justify mirror))\u000a    )\u000a    (pad 1 smd roundrect (at -0.7875 0) (size 0.875 0.95) (layers B.Cu B.Paste B.Mask) (roundrect_rratio 0.25)\u000a      (net 2 v3v3))\u000a    (pad 2 smd roundrect (at 0.7875 0) (size 0.875 0.95) (layers B.Cu B.Paste B.Mask) (roundrect_rratio 0.25)\u000a      (net 1 gnd))\u000a    (model ${KISYS3DMOD}/Capacitor_SMD.3dshapes/C_0603_1608Metric.wrl\u000a      (at (xyz 0 0 0))\u000a      (scale (xyz 1 1 1))\u000a      (rotate (xyz 0 0 0))\u000a    )\u000a  )\u000a\u000a  (module Capacitor_SMD:C_0805_2012Metric (layer B.Cu) (tedit 5B36C52B) (tstamp 5E1A89EF)\u000a    (at 164 55 180)\u000a    (descr "Capacitor SMD 0805 (2012 Metric), square (rectangular) end terminal, IPC_7351 nominal, (Body size source: https://docs.google.com/spreadsheets/d/1BsfQQcO9C6DZCsRaXUlFlo91Tg2WpOkGARC1WS5S8t0/edit?usp=sharing), generated with kicad-footprint-generator")\u000a    (tags capacitor)\u000a    (path /mcu/pwra_cap[1])\u000a    (attr smd)\u000a    (fp_text reference mcu.pwra_cap[1] (at 0 1 180) (layer B.SilkS)\u000a      (effects (font (size 0.8 0.6) (thickness 0.1)) (justify mirror))\u000a    )\u000a    (fp_text value "CL21A106KPFNNNE (Samsung Electro-Mechanics) - 10µF, 10V" (at 0 -1.65 180) (layer B.Fab)\u000a      (effects (font (size 0.75 0.5) (thickness 0.1)) (justify mirror))\u000a    )\u000a    (fp_line (start -1 -0.6) (end -1 0.6) (layer B.Fab) (width 0.1))\u000a    (fp_line (start -1 0.6) (end 1 0.6) (layer B.Fab) (width 0.1))\u000a    (fp_line (start 1 0.6) (end 1 -0.6) (layer B.Fab) (width 0.1))\u000a    (fp_line (start 1 -0.6) (end -1 -0.6) (layer B.Fab) (width 0.1))\u000a    (fp_line (start -0.258578 0.71) (end 0.258578 0.71) (layer B.SilkS) (width 0.12))\u000a    (fp_line (start -0.258578 -0.71) (end 0.258578 -0.71) (layer B.SilkS) (width 0.12))\u000a    (fp_line (start -1.68 -0.95) (end -1.68 0.95) (layer B.CrtYd) (width 0.05))\u000a    (fp_line (start -1.68 0.95) (end 1.68 0.95) (layer B.CrtYd) (width 0.05))\u000a    (fp_line (start 1.68 0.95) (end 1.68 -0.95) (layer B.CrtYd) (width 0.05))\u000a    (fp_line (start 1.68 -0.95) (end -1.68 -0.95) (layer B.CrtYd) (width 0.05))\u000a    (fp_text user %R (at 0 0 180) (layer B.Fab)\u000a      (effects (font (size 0.8 0.6) (thickness 0.1)) (justify mirror))\u000a    )\u000a    (pad 1 smd roundrect (at -0.9375 0 180) (size 0.975 1.4) (layers B.Cu B.Paste B.Mask) (roundrect_rratio 0.25)\u000a      (net 2 v3v3))\u000a    (pad 2 smd roundrect (at 0.9375 0 180) (size 0.975 1.4) (layers B.Cu B.Paste B.Mask) (roundrect_rratio 0.25)\u000a      (net 1 gnd))\u000a    (model ${KISYS3DMOD}/Capacitor_SMD.3dshapes/C_0805_2012Metric.wrl\u000a      (at (xyz 0 0 0))\u000a      (scale (xyz 1 1 1))\u000a      (rotate (xyz 0 0 0))\u000a    )\u000a  )\u000a\u000a  (module Resistor_SMD:R_0603_1608Metric (layer B.Cu) (tedit 5B301BBD) (tstamp 5E17D789)\u000a    (at 154 62 90)\u000a    (descr "Resistor SMD 0603 (1608 Metric), square (rectangular) end terminal, IPC_7351 nominal, (Body size source: http://www.tortai-tech.com/upload/download/2011102023233369053.pdf), generated with kicad-footprint-generator")\u000a    (tags resistor)\u000a    (path /mcu/reset_pull)\u000a    (attr smd)\u000a    (fp_text reference mcu.reset_pull (at 2 0 90) (layer B.SilkS)\u000a      (effects (font (size 0.8 0.6) (thickness 0.1)) (justify mirror))\u000a    )\u000a    (fp_text value "10k, 1%, 0.1 W" (at 0 -1.43 90) (layer B.Fab)\u000a      (effects (font (size 0.75 0.5) (thickness 0.1)) (justify mirror))\u000a    )\u000a    (fp_text user %R (at 0 0 90) (layer B.Fab)\u000a      (effects (font (size 0.8 0.6) (thickness 0.1)) (justify mirror))\u000a    )\u000a    (fp_line (start 1.48 -0.73) (end -1.48 -0.73) (layer B.CrtYd) (width 0.05))\u000a    (fp_line (start 1.48 0.73) (end 1.48 -0.73) (layer B.CrtYd) (width 0.05))\u000a    (fp_line (start -1.48 0.73) (end 1.48 0.73) (layer B.CrtYd) (width 0.05))\u000a    (fp_line (start -1.48 -0.73) (end -1.48 0.73) (layer B.CrtYd) (width 0.05))\u000a    (fp_line (start -0.162779 -0.51) (end 0.162779 -0.51) (layer B.SilkS) (width 0.12))\u000a    (fp_line (start -0.162779 0.51) (end 0.162779 0.51) (layer B.SilkS) (width 0.12))\u000a    (fp_line (start 0.8 -0.4) (end -0.8 -0.4) (layer B.Fab) (width 0.1))\u000a    (fp_line (start 0.8 0.4) (end 0.8 -0.4) (layer B.Fab) (width 0.1))\u000a    (fp_line (start -0.8 0.4) (end 0.8 0.4) (layer B.Fab) (width 0.1))\u000a    (fp_line (start -0.8 -0.4) (end -0.8 0.4) (layer B.Fab) (width 0.1))\u000a    (pad 2 smd roundrect (at 0.7875 0 90) (size 0.875 0.95) (layers B.Cu B.Paste B.Mask) (roundrect_rratio 0.25)\u000a      (net 27 swd.swd.reset))\u000a    (pad 1 smd roundrect (at -0.7875 0 90) (size 0.875 0.95) (layers B.Cu B.Paste B.Mask) (roundrect_rratio 0.25)\u000a      (net 2 v3v3))\u000a    (model ${KISYS3DMOD}/Resistor_SMD.3dshapes/R_0603_1608Metric.wrl\u000a      (at (xyz 0 0 0))\u000a      (scale (xyz 1 1 1))\u000a      (rotate (xyz 0 0 0))\u000a    )\u000a  )\u000a\u000a  (module Resistor_SMD:R_0603_1608Metric (layer B.Cu) (tedit 5B301BBD) (tstamp 5E17D79A)\u000a    (at 156 62 90)\u000a    (descr "Resistor SMD 0603 (1608 Metric), square (rectangular) end terminal, IPC_7351 nominal, (Body size source: http://www.tortai-tech.com/upload/download/2011102023233369053.pdf), generated with kicad-footprint-generator")\u000a    (tags resistor)\u000a    (path /mcu/swclk_pull)\u000a    (attr smd)\u000a    (fp_text reference mcu.swclk_pull (at 2 0 90) (layer B.SilkS)\u000a      (effects (font (size 0.8 0.6) (thickness 0.1)) (justify mirror))\u000a    )\u000a    (fp_text value "10k, 1%, 0.1 W" (at 0 -1.43 90) (layer B.Fab)\u000a      (effects (font (size 0.75 0.5) (thickness 0.1)) (justify mirror))\u000a    )\u000a    (fp_line (start -0.8 -0.4) (end -0.8 0.4) (layer B.Fab) (width 0.1))\u000a    (fp_line (start -0.8 0.4) (end 0.8 0.4) (layer B.Fab) (width 0.1))\u000a    (fp_line (start 0.8 0.4) (end 0.8 -0.4) (layer B.Fab) (width 0.1))\u000a    (fp_line (start 0.8 -0.4) (end -0.8 -0.4) (layer B.Fab) (width 0.1))\u000a    (fp_line (start -0.162779 0.51) (end 0.162779 0.51) (layer B.SilkS) (width 0.12))\u000a    (fp_line (start -0.162779 -0.51) (end 0.162779 -0.51) (layer B.SilkS) (width 0.12))\u000a    (fp_line (start -1.48 -0.73) (end -1.48 0.73) (layer B.CrtYd) (width 0.05))\u000a    (fp_line (start -1.48 0.73) (end 1.48 0.73) (layer B.CrtYd) (width 0.05))\u000a    (fp_line (start 1.48 0.73) (end 1.48 -0.73) (layer B.CrtYd) (width 0.05))\u000a    (fp_line (start 1.48 -0.73) (end -1.48 -0.73) (layer B.CrtYd) (width 0.05))\u000a    (fp_text user %R (at 0 0 90) (layer B.Fab)\u000a      (effects (font (size 0.8 0.6) (thickness 0.1)) (justify mirror))\u000a    )\u000a    (pad 1 smd roundrect (at -0.7875 0 90) (size 0.875 0.95) (layers B.Cu B.Paste B.Mask) (roundrect_rratio 0.25)\u000a      (net 1 gnd))\u000a    (pad 2 smd roundrect (at 0.7875 0 90) (size 0.875 0.95) (layers B.Cu B.Paste B.Mask) (roundrect_rratio 0.25)\u000a      (net 26 mcu.swd.swclk))\u000a    (model ${KISYS3DMOD}/Resistor_SMD.3dshapes/R_0603_1608Metric.wrl\u000a      (at (xyz 0 0 0))\u000a      (scale (xyz 1 1 1))\u000a      (rotate (xyz 0 0 0))\u000a    )\u000a  )\u000a\u000a  (module Resistor_SMD:R_0603_1608Metric (layer B.Cu) (tedit 5B301BBD) (tstamp 5E17D7AB)\u000a    (at 158 62 90)\u000a    (descr "Resistor SMD 0603 (1608 Metric), square (rectangular) end terminal, IPC_7351 nominal, (Body size source: http://www.tortai-tech.com/upload/download/2011102023233369053.pdf), generated with kicad-footprint-generator")\u000a    (tags resistor)\u000a    (path /mcu/swdio_pull)\u000a    (attr smd)\u000a    (fp_text reference mcu.swdio_pull (at 2 0 -90) 