ccopy_reg
_reconstructor
p0
(csave_restore_layout.save_restore_layout
LayoutData
p1
c__builtin__
tuple
p2
(S'(kicad_pcb (version 20171130) (host pcbnew "(5.1.0)-1")\n\n  (general\n    (thickness 1.6)\n    (drawings 0)\n    (tracks 175)\n    (zones 0)\n    (modules 16)\n    (nets 30)\n  )\n\n  (page A4)\n  (layers\n    (0 F.Cu signal)\n    (31 B.Cu signal)\n    (32 B.Adhes user)\n    (33 F.Adhes user)\n    (34 B.Paste user)\n    (35 F.Paste user)\n    (36 B.SilkS user)\n    (37 F.SilkS user)\n    (38 B.Mask user)\n    (39 F.Mask user)\n    (40 Dwgs.User user)\n    (41 Cmts.User user)\n    (42 Eco1.User user)\n    (43 Eco2.User user)\n    (44 Edge.Cuts user)\n    (45 Margin user)\n    (46 B.CrtYd user hide)\n    (47 F.CrtYd user hide)\n    (48 B.Fab user hide)\n    (49 F.Fab user hide)\n  )\n\n  (setup\n    (last_trace_width 0.16)\n    (user_trace_width 0.16)\n    (user_trace_width 0.25)\n    (user_trace_width 0.5)\n    (user_trace_width 1)\n    (trace_clearance 0.16)\n    (zone_clearance 0.254)\n    (zone_45_only no)\n    (trace_min 0.16)\n    (via_size 0.8)\n    (via_drill 0.4)\n    (via_min_size 0.4)\n    (via_min_drill 0.3)\n    (user_via 0.8 0.4)\n    (user_via 1.2 0.8)\n    (uvia_size 0.3)\n    (uvia_drill 0.1)\n    (uvias_allowed no)\n    (uvia_min_size 0.2)\n    (uvia_min_drill 0.1)\n    (edge_width 0.05)\n    (segment_width 0.2)\n    (pcb_text_width 0.3)\n    (pcb_text_size 1.5 1.5)\n    (mod_edge_width 0.12)\n    (mod_text_size 1 1)\n    (mod_text_width 0.15)\n    (pad_size 1.524 1.524)\n    (pad_drill 0.762)\n    (pad_to_mask_clearance 0.051)\n    (solder_mask_min_width 0.25)\n    (aux_axis_origin 0 0)\n    (visible_elements 7FFFFFFF)\n    (pcbplotparams\n      (layerselection 0x010fc_ffffffff)\n      (usegerberextensions false)\n      (usegerberattributes false)\n      (usegerberadvancedattributes false)\n      (creategerberjobfile false)\n      (excludeedgelayer true)\n      (linewidth 0.100000)\n      (plotframeref false)\n      (viasonmask false)\n      (mode 1)\n      (useauxorigin false)\n      (hpglpennumber 1)\n      (hpglpenspeed 20)\n      (hpglpendiameter 15.000000)\n      (psnegative false)\n      (psa4output false)\n      (plotreference true)\n      (plotvalue true)\n      (plotinvisibletext false)\n      (padsonsilk false)\n      (subtractmaskfromsilk false)\n      (outputformat 1)\n      (mirror false)\n      (drillshape 1)\n      (scaleselection 1)\n      (outputdirectory ""))\n  )\n\n  (net 0 "")\n  (net 1 v3v3)\n  (net 2 gnd)\n  (net 3 mcu.can_0.rxd)\n  (net 4 can.controller.txd)\n  (net 5 mcu.xtal.xtal_in)\n  (net 6 crystal.crystal.b)\n  (net 7 light_2.control_1)\n  (net 8 rgb2.blue)\n  (net 9 light_0.control_0)\n  (net 10 mcu.digital_9)\n  (net 11 light_5.control_1)\n  (net 12 rgb1.red)\n  (net 13 mcu.digital_16)\n  (net 14 mcu.digital_18)\n  (net 15 light_0.control_1)\n  (net 16 mcu.digital_11)\n  (net 17 light_1.control_1)\n  (net 18 light_3.control_0)\n  (net 19 light_3.control_1)\n  (net 20 mcu.digital_5)\n  (net 21 light_4.control_1)\n  (net 22 mcu.digital_3)\n  (net 23 swd.swd.swo)\n  (net 24 rgb2.green)\n  (net 25 vsense.center)\n  (net 26 mcu.digital_17)\n  (net 27 mcu.swd.swclk)\n  (net 28 mcu.swd.swdio)\n  (net 29 mcu.swd.reset)\n\n  (net_class Default "This is the default net class."\n    (clearance 0.16)\n    (trace_width 0.16)\n    (via_dia 0.8)\n    (via_drill 0.4)\n    (uvia_dia 0.3)\n    (uvia_drill 0.1)\n    (add_net can.controller.txd)\n    (add_net crystal.crystal.b)\n    (add_net gnd)\n    (add_net light_0.control_0)\n    (add_net light_0.control_1)\n    (add_net light_1.control_1)\n    (add_net light_2.control_1)\n    (add_net light_3.control_0)\n    (add_net light_3.control_1)\n    (add_net light_4.control_1)\n    (add_net light_5.control_1)\n    (add_net mcu.can_0.rxd)\n    (add_net mcu.digital_11)\n    (add_net mcu.digital_16)\n    (add_net mcu.digital_17)\n    (add_net mcu.digital_18)\n    (add_net mcu.digital_3)\n    (add_net mcu.digital_5)\n    (add_net mcu.digital_9)\n    (add_net mcu.swd.reset)\n    (add_net mcu.swd.swclk)\n    (add_net mcu.swd.swdio)\n    (add_net mcu.xtal.xtal_in)\n    (add_net "pwr.(adapter_net)vbst_cap.neg.0")\n    (add_net "pwr.(adapter_net)vbst_cap.pos.0")\n    (add_net pwr.fb.out)\n    (add_net rgb1.green_res.a)\n    (add_net rgb1.red)\n    (add_net rgb1.red_res.a)\n    (add_net rgb2.blue)\n    (add_net rgb2.green)\n    (add_net rgb2.green_res.a)\n    (add_net rgb2.package.blue_k)\n    (add_net rgb2.package.red_k)\n    (add_net swd.swd.swo)\n    (add_net v3v3)\n    (add_net vsense.center)\n  )\n\n  (module Package_QFP:LQFP-48_7x7mm_P0.5mm (layer F.Cu) (tedit 5C18330E) (tstamp 5D6F45A6)\n    (at 145 110 315)\n    (descr "LQFP, 48 Pin (https://www.analog.com/media/en/technical-documentation/data-sheets/ltc2358-16.pdf), generated with kicad-footprint-generator ipc_gullwing_generator.py")\n    (tags "LQFP QFP")\n    (path /mcu/ic)\n    (attr smd)\n    (fp_text reference mcu.ic (at 0 -5.85 315) (layer F.SilkS)\n      (effects (font (size 0.5 0.5) (thickness 0.08)))\n    )\n    (fp_text value LPC1549JBD48 (at 0 5.85 315) (layer F.Fab)\n      (effects (font (size 0.5 0.5) (thickness 0.08)))\n    )\n    (fp_line (start 3.16 3.61) (end 3.61 3.61) (layer F.SilkS) (width 0.12))\n    (fp_line (start 3.61 3.61) (end 3.61 3.16) (layer F.SilkS) (width 0.12))\n    (fp_line (start -3.16 3.61) (end -3.61 3.61) (layer F.SilkS) (width 0.12))\n    (fp_line (start -3.61 3.61) (end -3.61 3.16) (layer F.SilkS) (width 0.12))\n    (fp_line (start 3.16 -3.61) (end 3.61 -3.61) (layer F.SilkS) (width 0.12))\n    (fp_line (start 3.61 -3.61) (end 3.61 -3.16) (layer F.SilkS) (width 0.12))\n    (fp_line (start -3.16 -3.61) (end -3.61 -3.61) (layer F.SilkS) (width 0.12))\n    (fp_line (start -3.61 -3.61) (end -3.61 -3.16) (layer F.SilkS) (width 0.12))\n    (fp_line (start -3.61 -3.16) (end -4.9 -3.16) (layer F.SilkS) (width 0.12))\n    (fp_line (start -2.5 -3.5) (end 3.5 -3.5) (layer F.Fab) (width 0.1))\n    (fp_line (start 3.5 -3.5) (end 3.5 3.5) (layer F.Fab) (width 0.1))\n    (fp_line (start 3.5 3.5) (end -3.5 3.5) (layer F.Fab) (width 0.1))\n    (fp_line (start -3.5 3.5) (end -3.5 -2.5) (layer F.Fab) (width 0.1))\n    (fp_line (start -3.5 -2.5) (end -2.5 -3.5) (layer F.Fab) (width 0.1))\n    (fp_line (start 0 -5.15) (end -3.15 -5.15) (layer F.CrtYd) (width 0.05))\n    (fp_line (start -3.15 -5.15) (end -3.15 -3.75) (layer F.CrtYd) (width 0.05))\n    (fp_line (start -3.15 -3.75) (end -3.75 -3.75) (layer F.CrtYd) (width 0.05))\n    (fp_line (start -3.75 -3.75) (end -3.75 -3.15) (layer F.CrtYd) (width 0.05))\n    (fp_line (start -3.75 -3.15) (end -5.15 -3.15) (layer F.CrtYd) (width 0.05))\n    (fp_line (start -5.15 -3.15) (end -5.15 0) (layer F.CrtYd) (width 0.05))\n    (fp_line (start 0 -5.15) (end 3.15 -5.15) (layer F.CrtYd) (width 0.05))\n    (fp_line (start 3.15 -5.15) (end 3.15 -3.75) (layer F.CrtYd) (width 0.05))\n    (fp_line (start 3.15 -3.75) (end 3.75 -3.75) (layer F.CrtYd) (width 0.05))\n    (fp_line (start 3.75 -3.75) (end 3.75 -3.15) (layer F.CrtYd) (width 0.05))\n    (fp_line (start 3.75 -3.15) (end 5.15 -3.15) (layer F.CrtYd) (width 0.05))\n    (fp_line (start 5.15 -3.15) (end 5.15 0) (layer F.CrtYd) (width 0.05))\n    (fp_line (start 0 5.15) (end -3.15 5.15) (layer F.CrtYd) (width 0.05))\n    (fp_line (start -3.15 5.15) (end -3.15 3.75) (layer F.CrtYd) (width 0.05))\n    (fp_line (start -3.15 3.75) (end -3.75 3.75) (layer F.CrtYd) (width 0.05))\n    (fp_line (start -3.75 3.75) (end -3.75 3.15) (layer F.CrtYd) (width 0.05))\n    (fp_line (start -3.75 3.15) (end -5.15 3.15) (layer F.CrtYd) (width 0.05))\n    (fp_line (start -5.15 3.15) (end -5.15 0) (layer F.CrtYd) (width 0.05))\n    (fp_line (start 0 5.15) (end 3.15 5.15) (layer F.CrtYd) (width 0.05))\n    (fp_line (start 3.15 5.15) (end 3.15 3.75) (layer F.CrtYd) (width 0.05))\n    (fp_line (start 3.15 3.75) (end 3.75 3.75) (layer F.CrtYd) (width 0.05))\n    (fp_line (start 3.75 3.75) (end 3.75 3.15) (layer F.CrtYd) (width 0.05))\n    (fp_line (start 3.75 3.15) (end 5.15 3.15) (layer F.CrtYd) (width 0.05))\n    (fp_line (start 5.15 3.15) (end 5.15 0) (layer F.CrtYd) (width 0.05))\n    (fp_text user %R (at 0 0 315) (layer F.Fab)\n      (effects (font (size 0.5 0.5) (thickness 0.08)))\n    )\n    (pad 1 smd roundrect (at -4.1625 -2.75 315) (size 1.475 0.3) (layers F.Cu F.Paste F.Mask) (roundrect_rratio 0.25)\n      (net 19 light_3.control_1))\n    (pad 2 smd roundrect (at -4.1625 -2.25 315) (size 1.475 0.3) (layers F.Cu F.Paste F.Mask) (roundrect_rratio 0.25)\n      (net 18 light_3.control_0))\n    (pad 3 smd roundrect (at -4.1625 -1.75 315) (size 1.475 0.3) (layers F.Cu F.Paste F.Mask) (roundrect_rratio 0.25)\n      (net 7 light_2.control_1))\n    (pad 4 smd roundrect (at -4.1625 -1.25 315) (size 1.475 0.3) (layers F.Cu F.Paste F.Mask) (roundrect_rratio 0.25)\n      (net 10 mcu.digital_9))\n    (pad 5 smd roundrect (at -4.1625 -0.75 315) (size 1.475 0.3) (layers F.Cu F.Paste F.Mask) (roundrect_rratio 0.25))\n    (pad 6 smd roundrect (at -4.1625 -0.25 315) (size 1.475 0.3) (layers F.Cu F.Paste F.Mask) (roundrect_rratio 0.25)\n      (net 17 light_1.control_1))\n    (pad 7 smd roundrect (at -4.1625 0.25 315) (size 1.475 0.3) (layers F.Cu F.Paste F.Mask) (roundrect_rratio 0.25)\n      (net 16 mcu.digital_11))\n    (pad 8 smd roundrect (at -4.1625 0.75 315) (size 1.475 0.3) (layers F.Cu F.Paste F.Mask) (roundrect_rratio 0.25)\n      (net 15 light_0.control_1))\n    (pad 9 smd roundrect (at -4.1625 1.25 315) (size 1.475 0.3) (layers F.Cu F.Paste F.Mask) (roundrect_rratio 0.25)\n      (net 23 swd.swd.swo))\n    (pad 10 smd roundrect (at -4.1625 1.75 315) (size 1.475 0.3) (layers F.Cu F.Paste F.Mask) (roundrect_rratio 0.25)\n      (net 1 v3v3))\n    (pad 11 smd roundrect (at -4.1625 2.25 315) (size 1.475 0.3) (layers F.Cu F.Paste F.Mask) (roundrect_rratio 0.25)\n      (net 2 gnd))\n    (pad 12 smd roundrect (at -4.1625 2.75 315) (size 1.475 0.3) (layers F.Cu F.Paste F.Mask) (roundrect_rratio 0.25)\n      (net 9 light_0.control_0))\n    (pad 13 smd roundrect (at -2.75 4.1625 315) (size 0.3 1.475) (layers F.Cu F.Paste F.Mask) (roundrect_rratio 0.25)\n      (net 8 rgb2.blue))\n    (pad 14 smd roundrect (at -2.25 4.1625 315) (size 0.3 1.475) (layers F.Cu F.Paste F.Mask) (roundrect_rratio 0.25)\n      (net 1 v3v3))\n    (pad 15 smd roundrect (at -1.75 4.1625 315) (size 0.3 1.475) (layers F.Cu F.Paste F.Mask) (roundrect_rratio 0.25)\n      (net 24 rgb2.green))\n    (pad 16 smd roundrect (at -1.25 4.1625 315) (size 0.3 1.475) (layers F.Cu F.Paste F.Mask) (roundrect_rratio 0.25)\n      (net 1 v3v3))\n    (pad 17 smd roundrect (at -0.75 4.1625 315) (size 0.3 1.475) (layers F.Cu F.Paste F.Mask) (roundrect_rratio 0.25)\n      (net 2 gnd))\n    (pad 18 smd roundrect (at -0.25 4.1625 315) (size 0.3 1.475) (layers F.Cu F.Paste F.Mask) (roundrect_rratio 0.25)\n      (net 13 mcu.digital_16))\n    (pad 19 smd roundrect (at 0.25 4.1625 315) (size 0.3 1.475) (layers F.Cu F.Paste F.Mask) (roundrect_rratio 0.25))\n    (pad 20 smd roundrect (at 0.75 4.1625 315) (size 0.3 1.475) (layers F.Cu F.Paste F.Mask) (roundrect_rratio 0.25)\n      (net 2 gnd))\n    (pad 21 smd roundrect (at 1.25 4.1625 315) (size 0.3 1.475) (layers F.Cu F.Paste F.Mask) (roundrect_rratio 0.25)\n      (net 25 vsense.center))\n    (pad 22 smd roundrect (at 1.75 4.1625 315) (size 0.3 1.475) (layers F.Cu F.Paste F.Mask) (roundrect_rratio 0.25)\n      (net 26 mcu.digital_17))\n    (pad 23 smd roundrect (at 2.25 4.1625 315) (size 0.3 1.475) (layers F.Cu F.Paste F.Mask) (roundrect_rratio 0.25)\n      (net 14 mcu.digital_18))\n    (pad 24 smd roundrect (at 2.75 4.1625 315) (size 0.3 1.475) (layers F.Cu F.Paste F.Mask) (roundrect_rratio 0.25))\n    (pad 25 smd roundrect (at 4.1625 2.75 315) (size 1.475 0.3) (layers F.Cu F.Paste F.Mask) (roundrect_rratio 0.25)\n      (net 6 crystal.crystal.b))\n    (pad 26 smd roundrect (at 4.1625 2.25 315) (size 1.475 0.3) (layers F.Cu F.Paste F.Mask) (roundrect_rratio 0.25)\n      (net 5 mcu.xtal.xtal_in))\n    (pad 27 smd roundrect (at 4.1625 1.75 315) (size 1.475 0.3) (layers F.Cu F.Paste F.Mask) (roundrect_rratio 0.25)\n      (net 1 v3v3))\n    (pad 28 smd roundrect (at 4.1625 1.25 315) (size 1.475 0.3) (layers F.Cu F.Paste F.Mask) (roundrect_rratio 0.25)\n      (net 12 rgb1.red))\n    (pad 29 smd roundrect (at 4.1625 0.75 315) (size 1.475 0.3) (layers F.Cu F.Paste F.Mask) (roundrect_rratio 0.25)\n      (net 27 mcu.swd.swclk))\n    (pad 30 smd roundrect (at 4.1625 0.25 315) (size 1.475 0.3) (layers F.Cu F.Paste F.Mask) (roundrect_rratio 0.25)\n      (net 1 v3v3))\n    (pad 31 smd roundrect (at 4.1625 -0.25 315) (size 1.475 0.3) (layers F.Cu F.Paste F.Mask) (roundrect_rratio 0.25))\n    (pad 32 smd roundrect (at 4.1625 -0.75 315) (size 1.475 0.3) (layers F.Cu F.Paste F.Mask) (roundrect_rratio 0.25))\n    (pad 33 smd roundrect (at 4.1625 -1.25 315) (size 1.475 0.3) (layers F.Cu F.Paste F.Mask) (roundrect_rratio 0.25)\n      (net 28 mcu.swd.swdio))\n    (pad 34 smd roundrect (at 4.1625 -1.75 315) (size 1.475 0.3) (layers F.Cu F.Paste F.Mask) (roundrect_rratio 0.25)\n      (net 29 mcu.swd.reset))\n    (pad 35 smd roundrect (at 4.1625 -2.25 315) (size 1.475 0.3) (layers F.Cu F.Paste F.Mask) (roundrect_rratio 0.25))\n    (pad 36 smd roundrect (at 4.1625 -2.75 315) (size 1.475 0.3) (layers F.Cu F.Paste F.Mask) (roundrect_rratio 0.25))\n    (pad 37 smd roundrect (at 2.75 -4.1625 315) (size 0.3 1.475) (layers F.Cu F.Paste F.Mask) (roundrect_rratio 0.25))\n    (pad 38 smd roundrect (at 2.25 -4.1625 315) (size 0.3 1.475) (layers F.Cu F.Paste F.Mask) (roundrect_rratio 0.25))\n    (pad 39 smd roundrect (at 1.75 -4.1625 315) (size 0.3 1.475) (layers F.Cu F.Paste F.Mask) (roundrect_rratio 0.25)\n      (net 1 v3v3))\n    (pad 40 smd roundrect (at 1.25 -4.1625 315) (size 0.3 1.475) (layers F.Cu F.Paste F.Mask) (roundrect_rratio 0.25)\n      (net 2 gnd))\n    (pad 41 smd roundrect (at 0.75 -4.1625 315) (size 0.3 1.475) (layers F.Cu F.Paste F.Mask) (roundrect_rratio 0.25)\n      (net 2 gnd))\n    (pad 42 smd roundrect (at 0.25 -4.1625 315) (size 0.3 1.475) (layers F.Cu F.Paste F.Mask) (roundrect_rratio 0.25)\n      (net 1 v3v3))\n    (pad 43 smd roundrect (at -0.25 -4.1625 315) (size 0.3 1.475) (layers F.Cu F.Paste F.Mask) (roundrect_rratio 0.25)\n      (net 4 can.controller.txd))\n    (pad 44 smd roundrect (at -0.75 -4.1625 315) (size 0.3 1.475) (layers F.Cu F.Paste F.Mask) (roundrect_rratio 0.25)\n      (net 3 mcu.can_0.rxd))\n    (pad 45 smd roundrect (at -1.25 -4.1625 315) (size 0.3 1.475) (layers F.Cu F.Paste F.Mask) (roundrect_rratio 0.25)\n      (net 11 light_5.control_1))\n    (pad 46 smd roundrect (at -1.75 -4.1625 315) (size 0.3 1.475) (layers F.Cu F.Paste F.Mask) (roundrect_rratio 0.25)\n      (net 22 mcu.digital_3))\n    (pad 47 smd roundrect (at -2.25 -4.1625 315) (size 0.3 1.475) (layers F.Cu F.Paste F.Mask) (roundrect_rratio 0.25)\n      (net 21 light_4.control_1))\n    (pad 48 smd roundrect (at -2.75 -4.1625 315) (size 0.3 1.475) (layers F.Cu F.Paste F.Mask) (roundrect_rratio 0.25)\n      (net 20 mcu.digital_5))\n    (model ${KISYS3DMOD}/Package_QFP.3dshapes/LQFP-48_7x7mm_P0.5mm.wrl\n      (at (xyz 0 0 0))\n      (scale (xyz 1 1 1))\n      (rotate (xyz 0 0 0))\n    )\n  )\n\n  (module Resistor_SMD:R_0603_1608Metric (layer B.Cu) (tedit 5B301BBD) (tstamp 5D5FC2E0)\n    (at 160 108 180)\n    (descr "Resistor SMD 0603 (1608 Metric), square (rectangular) end terminal, IPC_7351 nominal, (Body size source: http://www.tortai-tech.com/upload/download/2011102023233369053.pdf), generated with kicad-footprint-generator")\n    (tags resistor)\n    (path /mcu/reset_pull)\n    (attr smd)\n    (fp_text reference mcu.reset_pull (at 0 1.43 180) (layer B.SilkS)\n      (effects (font (size 0.5 0.5) (thickness 0.08)) (justify mirror))\n    )\n    (fp_text value "10k, 1%, 0.1W" (at 0 -1.43 180) (layer B.Fab)\n      (effects (font (size 0.5 0.5) (thickness 0.08)) (justify mirror))\n    )\n    (fp_line (start -0.8 -0.4) (end -0.8 0.4) (layer B.Fab) (width 0.1))\n    (fp_line (start -0.8 0.4) (end 0.8 0.4) (layer B.Fab) (width 0.1))\n    (fp_line (start 0.8 0.4) (end 0.8 -0.4) (layer B.Fab) (width 0.1))\n    (fp_line (start 0.8 -0.4) (end -0.8 -0.4) (layer B.Fab) (width 0.1))\n    (fp_line (start -0.162779 0.51) (end 0.162779 0.51) (layer B.SilkS) (width 0.12))\n    (fp_line (start -0.162779 -0.51) (end 0.162779 -0.51) (layer B.SilkS) (width 0.12))\n    (fp_line (start -1.48 -0.73) (end -1.48 0.73) (layer B.CrtYd) (width 0.05))\n    (fp_line (start -1.48 0.73) (end 1.48 0.73) (layer B.CrtYd) (width 0.05))\n    (fp_line (start 1.48 0.73) (end 1.48 -0.73) (layer B.CrtYd) (width 0.05))\n    (fp_line (start 1.48 -0.73) (end -1.48 -0.73) (layer B.CrtYd) (width 0.05))\n    (fp_text user %R (at 0 0 180) (layer B.Fab)\n      (effects (font (size 0.5 0.5) (thickness 0.08)) (justify mirror))\n    )\n    (pad 1 smd roundrect (at -0.7875 0 180) (size 0.875 0.95) (layers B.Cu B.Paste B.Mask) (roundrect_rratio 0.25)\n      (net 1 v3v3))\n    (pad 2 smd roundrect (at 0.7875 0 180) (size 0.875 0.95) (layers B.Cu B.Paste B.Mask) (roundrect_rratio 0.25)\n      (net 29 mcu.swd.reset))\n    (model ${KISYS3DMOD}/Resistor_SMD.3dshapes/R_0603_1608Metric.wrl\n      (at (xyz 0 0 0))\n      (scale (xyz 1 1 1))\n      (rotate (xyz 0 0 0))\n    )\n  )\n\n  (module Resistor_SMD:R_0603_1608Metric (layer B.Cu) (tedit 5B301BBD) (tstamp 5D6F472A)\n    (at 160 110 180)\n    (descr "Resistor SMD 0603 (1608 Metric), square (rectangular) end terminal, IPC_7351 nominal, (Body size source: http://www.tortai-tech.com/upload/download/2011102023233369053.pdf), generated with kicad-footprint-generator")\n    (tags resistor)\n    (path /mcu/swclk_pull)\n    (attr smd)\n    (fp_text reference mcu.swclk_pull (at 0 -1 180) (layer B.SilkS)\n      (effects (font (size 0.5 0.5) (thickness 0.08)) (justify mirror))\n    )\n    (fp_text value "10k, 1%, 0.1W" (at 0 -1.43 180) (layer B.Fab)\n      (effects (font (size 0.5 0.5) (thickness 0.08)) (justify mirror))\n    )\n    (fp_line (start -0.8 -0.4) (end -0.8 0.4) (layer B.Fab) (width 0.1))\n    (fp_line (start -0.8 0.4) (end 0.8 0.4) (layer B.Fab) (width 0.1))\n    (fp_line (start 0.8 0.4) (end 0.8 -0.4) (layer B.Fab) (width 0.1))\n    (fp_line (start 0.8 -0.4) (end -0.8 -0.4) (layer B.Fab) (width 0.1))\n    (fp_line (start -0.162779 0.51) (end 0.162779 0.51) (layer B.SilkS) (width 0.12))\n    (fp_line (start -0.162779 -0.51) (end 0.162779 -0.51) (layer B.SilkS) (width 0.12))\n    (fp_line (start -1.48 -0.73) (end -1.48 0.73) (layer B.CrtYd) (width 0.05))\n    (fp_line (start -1.48 0.73) (end 1.48 0.73) (layer B.CrtYd) (width 0.05))\n    (fp_line (start 1.48 0.73) (end 1.48 -0.73) (layer B.CrtYd) (width 0.05))\n    (fp_line (start 1.48 -0.73) (end -1.48 -0.73) (layer B.CrtYd) (width 0.05))\n    (fp_text user %R (at 0 0 180) (layer B.Fab)\n      (effects (font (size 0.5 0.5) (thickness 0.08)) (justify mirror))\n    )\n    (pad 1 smd roundrect (at -0.7875 0 180) (size 0.875 0.95) (layers B.Cu B.Paste B.Mask) (roundrect_rratio 0.25)\n      (net 2 gnd))\n    (pad 2 smd roundrect (at 0.7875 0 180) (size 0.875 0.95) (layers B.Cu B.Paste B.Mask) (roundrect_rratio 0.25)\n      (net 27 mcu.swd.swclk))\n    (model ${KISYS3DMOD}/Resistor_SMD.3dshapes/R_0603_1608Metric.wrl\n      (at (xyz 0 0 0))\n      (scale (xyz 1 1 1))\n      (rotate (xyz 0 0 0))\n    )\n  )\n\n  (module Resistor_SMD:R_0603_1608Metric (layer B.Cu) (tedit 5B301BBD) (tstamp 5D6F46FA)\n    (at 160 112 180)\n    (descr "Resistor SMD 0603 (1608 Metric), square (rectangular) end terminal, IPC_7351 nominal, (Body size source: http://www.tortai-tech.com/upload/download/2011102023233369053.pdf), generated with kicad-footprint-generator")\n    (tags resistor)\n    (path /mcu/swdio_pull)\n    (attr smd)\n    (fp_text reference mcu.swdio_pull (at 0 -1) (layer B.SilkS)\n      (effects (font (size 0.5 0.5) (thickness 0.08)) (justify mirror))\n    )\n    (fp_text value "10k, 1%, 0.1W" (at 0 -1.43) (layer B.Fab)\n      (effects (font (size 0.5 0.5) (thickness 0.08)) (justify mirror))\n    )\n    (fp_text user %R (at 0 0) (layer B.Fab)\n      (effects (font (size 0.5 0.5) (thickness 0.08)) (justify mirror))\n    )\n    (fp_line (start 1.48 -0.73) (end -1.48 -0.73) (layer B.CrtYd) (width 0.05))\n    (fp_line (start 1.48 0.73) (end 1.48 -0.73) (layer B.CrtYd) (width 0.05))\n    (fp_line (start -1.48 0.73) (end 1.48 0.73) (layer B.CrtYd) (width 0.05))\n    (fp_line (start -1.48 -0.73) (end -1.48 0.73) (layer B.CrtYd) (width 0.05))\n    (fp_line (start -0.162779 -0.51) (end 0.162779 -0.51) (layer B.SilkS) (width 0.12))\n    (fp_line (start -0.162779 0.51) (end 0.162779 0.51) (layer B.SilkS) (width 0.12))\n    (fp_line (start 0.8 -0.4) (end -0.8 -0.4) (layer B.Fab) (width 0.1))\n    (fp_line (start 0.8 0.4) (end 0.8 -0.4) (layer B.Fab) (width 0.1))\n    (fp_line (start -0.8 0.4) (end 0.8 0.4) (layer B.Fab) (width 0.1))\n    (fp_line (start -0.8 -0.4) (end -0.8 0.4) (layer B.Fab) (width 0.1))\n    (pad 2 smd roundrect (at 0.7875 0 180) (size 0.875 0.95) (layers B.Cu B.Paste B.Mask) (roundrect_rratio 0.25)\n      (net 28 mcu.swd.swdio))\n    (pad 1 smd roundrect (at -0.7875 0 180) (size 0.875 0.95) (layers B.Cu B.Paste B.Mask) (roundrect_rratio 0.25)\n      (net 1 v3v3))\n    (model ${KISYS3DMOD}/Resistor_SMD.3dshapes/R_0603_1608Metric.wrl\n      (at (xyz 0 0 0))\n      (scale (xyz 1 1 1))\n      (rotate (xyz 0 0 0))\n    )\n  )\n\n  (module Capacitor_SMD:C_0603_1608Metric (layer B.Cu) (tedit 5B301BBE) (tstamp 5D6F46CA)\n    (at 147.828427 112.828427 135)\n    (descr "Capacitor SMD 0603 (1608 Metric), square (rectangular) end terminal, IPC_7351 nominal, (Body size source: http://www.tortai-tech.com/upload/download/2011102023233369053.pdf), generated with kicad-footprint-generator")\n    (tags capacitor)\n    (path /mcu/vbat_cap)\n    (attr smd)\n    (fp_text reference mcu.vbat_cap (at -1.5 0 45) (layer B.SilkS)\n      (effects (font (size 0.5 0.5) (thickness 0.08)) (justify mirror))\n    )\n    (fp_text value "0.1\xc2\xb5F, 50V, CL10B104KB8NNNC" (at 0 -1.43 -45) (layer B.Fab)\n      (effects (font (size 0.5 0.5) (thickness 0.08)) (justify mirror))\n    )\n    (fp_text user %R (at 0 0 -45) (layer B.Fab)\n      (effects (font (size 0.5 0.5) (thickness 0.08)) (justify mirror))\n    )\n    (fp_line (start 1.48 -0.73) (end -1.48 -0.73) (layer B.CrtYd) (width 0.05))\n    (fp_line (start 1.48 0.73) (end 1.48 -0.73) (layer B.CrtYd) (width 0.05))\n    (fp_line (start -1.48 0.73) (end 1.48 0.73) (layer B.CrtYd) (width 0.05))\n    (fp_line (start -1.48 -0.73) (end -1.48 0.73) (layer B.CrtYd) (width 0.05))\n    (fp_line (start -0.162779 -0.51) (end 0.162779 -0.51) (layer B.SilkS) (width 0.12))\n    (fp_line (start -0.162779 0.51) (end 0.162779 0.51) (layer B.SilkS) (width 0.12))\n    (fp_line (start 0.8 -0.4) (end -0.8 -0.4) (layer B.Fab) (width 0.1))\n    (fp_line (start 0.8 0.4) (end 0.8 -0.4) (layer B.Fab) (width 0.1))\n    (fp_line (start -0.8 0.4) (end 0.8 0.4) (layer B.Fab) (width 0.1))\n    (fp_line (start -0.8 -0.4) (end -0.8 0.4) (layer B.Fab) (width 0.1))\n    (pad 2 smd roundrect (at 0.7875 0 135) (size 0.875 0.95) (layers B.Cu B.Paste B.Mask) (roundrect_rratio 0.25)\n      (net 2 gnd))\n    (pad 1 smd roundrect (at -0.7875 0 135) (size 0.875 0.95) (layers B.Cu B.Paste B.Mask) (roundrect_rratio 0.25)\n      (net 1 v3v3))\n    (model ${KISYS3DMOD}/Capacitor_SMD.3dshapes/C_0603_1608Metric.wrl\n      (at (xyz 0 0 0))\n      (scale (xyz 1 1 1))\n      (rotate (xyz 0 0 0))\n    )\n  )\n\n  (module Capacitor_SMD:C_0603_1608Metric (layer B.Cu) (tedit 5B301BBE) (tstamp 5D6F469A)\n    (at 144.292893 114.949747 45)\n    (descr "Capacitor SMD 0603 (1608 Metric), square (rectangular) end terminal, IPC_7351 nominal, (Body size source: http://www.tortai-tech.com/upload/download/2011102023233369053.pdf), generated with kicad-footprint-generator")\n    (tags capacitor)\n    (path /mcu/pwr_cap_0)\n    (attr smd)\n    (fp_text reference mcu.pwr_cap_0 (at 0 1 45) (layer B.SilkS)\n      (effects (font (size 0.5 0.5) (thickness 0.08)) (justify mirror))\n    )\n    (fp_text value "0.1\xc2\xb5F, 50V, CL10B104KB8NNNC" (at 0 -1.43 45) (layer B.Fab)\n      (effects (font (size 0.5 0.5) (thickness 0.08)) (justify mirror))\n    )\n    (fp_line (start -0.8 -0.4) (end -0.8 0.4) (layer B.Fab) (width 0.1))\n    (fp_line (start -0.8 0.4) (end 0.8 0.4) (layer B.Fab) (width 0.1))\n    (fp_line (start 0.8 0.4) (end 0.8 -0.4) (layer B.Fab) (width 0.1))\n    (fp_line (start 0.8 -0.4) (end -0.8 -0.4) (layer B.Fab) (width 0.1))\n    (fp_line (start -0.162779 0.51) (end 0.162779 0.51) (layer B.SilkS) (width 0.12))\n    (fp_line (start -0.162779 -0.51) (end 0.162779 -0.51) (layer B.SilkS) (width 0.12))\n    (fp_line (start -1.48 -0.73) (end -1.48 0.73) (layer B.CrtYd) (width 0.05))\n    (fp_line (start -1.48 0.73) (end 1.48 0.73) (layer B.CrtYd) (width 0.05))\n    (fp_line (start 1.48 0.73) (end 1.48 -0.73) (layer B.CrtYd) (width 0.05))\n    (fp_line (start 1.48 -0.73) (end -1.48 -0.73) (layer B.CrtYd) (width 0.05))\n    (fp_text user %R (at 0 0 45) (layer B.Fab)\n      (effects (font (size 0.5 0.5) (thickness 0.08)) (justify mirror))\n    )\n    (pad 1 smd roundrect (at -0.7875 0 45) (size 0.875 0.95) (layers B.Cu B.Paste B.Mask) (roundrect_rratio 0.25)\n      (net 1 v3v3))\n    (pad 2 smd roundrect (at 0.7875 0 45) (size 0.875 0.95) (layers B.Cu B.Paste B.Mask) (roundrect_rratio 0.25)\n      (net 2 gnd))\n    (model ${KISYS3DMOD}/Capacitor_SMD.3dshapes/C_0603_1608Metric.wrl\n      (at (xyz 0 0 0))\n      (scale (xyz 1 1 1))\n      (rotate (xyz 0 0 0))\n    )\n  )\n\n  (module Capacitor_SMD:C_0603_1608Metric (layer B.Cu) (tedit 5B301BBE) (tstamp 5D6F440C)\n    (at 142.87868 113.535534 45)\n    (descr "Capacitor SMD 0603 (1608 Metric), square (rectangular) end terminal, IPC_7351 nominal, (Body size source: http://www.tortai-tech.com/upload/download/2011102023233369053.pdf), generated with kicad-footprint-generator")\n    (tags capacitor)\n    (path /mcu/pwr_cap_1)\n    (attr smd)\n    (fp_text reference mcu.pwr_cap_1 (at 0 1 45) (layer B.SilkS)\n      (effects (font (size 0.5 0.5) (thickness 0.08)) (justify mirror))\n    )\n    (fp_text value "10000pF, 50V, CL10B103KB8NNNC" (at 0 -1.43 45) (layer B.Fab)\n      (effects (font (size 0.5 0.5) (thickness 0.08)) (justify mirror))\n    )\n    (fp_text user %R (at 0 0 45) (layer B.Fab)\n      (effects (font (size 0.5 0.5) (thickness 0.08)) (justify mirror))\n    )\n    (fp_line (start 1.48 -0.73) (end -1.48 -0.73) (layer B.CrtYd) (width 0.05))\n    (fp_line (start 1.48 0.73) (end 1.48 -0.73) (layer B.CrtYd) (width 0.05))\n    (fp_line (start -1.48 0.73) (end 1.48 0.73) (layer B.CrtYd) (width 0.05))\n    (fp_line (start -1.48 -0.73) (end -1.48 0.73) (layer B.CrtYd) (width 0.05))\n    (fp_line (start -0.162779 -0.51) (end 0.162779 -0.51) (layer B.SilkS) (width 0.12))\n    (fp_line (start -0.162779 0.51) (end 0.162779 0.51) (layer B.SilkS) (width 0.12))\n    (fp_line (start 0.8 -0.4) (end -0.8 -0.4) (layer B.Fab) (width 0.1))\n    (fp_line (start 0.8 0.4) (end 0.8 -0.4) (layer B.Fab) (width 0.1))\n    (fp_line (start -0.8 0.4) (end 0.8 0.4) (layer B.Fab) (width 0.1))\n    (fp_line (start -0.8 -0.4) (end -0.8 0.4) (layer B.Fab) (width 0.1))\n    (pad 2 smd roundrect (at 0.7875 0 45) (size 0.875 0.95) (layers B.Cu B.Paste B.Mask) (roundrect_rratio 0.25)\n      (net 2 gnd))\n    (pad 1 smd roundrect (at -0.7875 0 45) (size 0.875 0.95) (layers B.Cu B.Paste B.Mask) (roundrect_rratio 0.25)\n      (net 1 v3v3))\n    (model ${KISYS3DMOD}/Capacitor_SMD.3dshapes/C_0603_1608Metric.wrl\n      (at (xyz 0 0 0))\n      (scale (xyz 1 1 1))\n      (rotate (xyz 0 0 0))\n    )\n  )\n\n  (module Capacitor_SMD:C_0603_1608Metric (layer B.Cu) (tedit 5B301BBE) (tstamp 5D6F452C)\n    (at 149.949747 109.292893 225)\n    (descr "Capacitor SMD 0603 (1608 Metric), square (rectangular) end terminal, IPC_7351 nominal, (Body size source: http://www.tortai-tech.com/upload/download/2011102023233369053.pdf), generated with kicad-footprint-generator")\n    (tags capacitor)\n    (path /mcu/pwr_cap_2)\n    (attr smd)\n    (fp_text reference mcu.pwr_cap_2 (at 0 -1 225) (layer B.SilkS)\n      (effects (font (size 0.5 0.5) (thickness 0.08)) (justify mirror))\n    )\n    (fp_text value "0.1\xc2\xb5F, 50V, CL10B104KB8NNNC" (at 0 -1.43 225) (layer B.Fab)\n      (effects (font (size 0.5 0.5) (thickness 0.08)) (justify mirror))\n    )\n    (fp_line (start -0.8 -0.4) (end -0.8 0.4) (layer B.Fab) (width 0.1))\n    (fp_line (start -0.8 0.4) (end 0.8 0.4) (layer B.Fab) (width 0.1))\n    (fp_line (start 0.8 0.4) (end 0.8 -0.4) (layer B.Fab) (width 0.1))\n    (fp_line (start 0.8 -0.4) (end -0.8 -0.4) (layer B.Fab) (width 0.1))\n    (fp_line (start -0.162779 0.51) (end 0.162779 0.51) (layer B.SilkS) (width 0.12))\n    (fp_line (start -0.162779 -0.51) (end 0.162779 -0.51) (layer B.SilkS) (width 0.12))\n    (fp_line (start -1.48 -0.73) (end -1.48 0.73) (layer B.CrtYd) (width 0.05))\n    (fp_line (start -1.48 0.73) (end 1.48 0.73) (layer B.CrtYd) (width 0.05))\n    (fp_line (start 1.48 0.73) (end 1.48 -0.73) (layer B.CrtYd) (width 0.05))\n    (fp_line (start 1.48 -0.73) (end -1.48 -0.73) (layer B.CrtYd) (width 0.05))\n    (fp_text user %R (at 0 0 225) (layer B.Fab)\n      (effects (font (size 0.5 0.5) (thickness 0.08)) (justify mirror))\n    )\n    (pad 1 smd roundrect (at -0.7875 0 225) (size 0.875 0.95) (layers B.Cu B.Paste B.Mask) (roundrect_rratio 0.25)\n      (net 1 v3v3))\n    (pad 2 smd roundrect (at 0.7875 0 225) (size 0.875 0.95) (layers B.Cu B.Paste B.Mask) (roundrect_rratio 0.25)\n      (net 2 gnd))\n    (model ${KISYS3DMOD}/Capacitor_SMD.3dshapes/C_0603_1608Metric.wrl\n      (at (xyz 0 0 0))\n      (scale (xyz 1 1 1))\n      (rotate (xyz 0 0 0))\n    )\n  )\n\n  (module Capacitor_SMD:C_0603_1608Metric (layer B.Cu) (tedit 5B301BBE) (tstamp 5D6F443C)\n    (at 148.535534 107.87868 225)\n    (descr "Capacitor SMD 0603 (1608 Metric), square (rectangular) end terminal, IPC_7351 nominal, (Body size source: http://www.tortai-tech.com/upload/download/2011102023233369053.pdf), generated with kicad-footprint-generator")\n    (tags capacitor)\n    (path /mcu/pwr_cap_3)\n    (attr smd)\n    (fp_text reference mcu.pwr_cap_3 (at 0 -1 225) (layer B.SilkS)\n      (effects (font (size 0.5 0.5) (thickness 0.08)) (justify mirror))\n    )\n    (fp_text value "10000pF, 50V, CL10B103KB8NNNC" (at 0 -1.43 225) (layer B.Fab)\n      (effects (font (size 0.5 0.5) (thickness 0.08)) (justify mirror))\n    )\n    (fp_text user %R (at 0 0 225) (layer B.Fab)\n      (effects (font (size 0.5 0.5) (thickness 0.08)) (justify mirror))\n    )\n    (fp_line (start 1.48 -0.73) (end -1.48 -0.73) (layer B.CrtYd) (width 0.05))\n    (fp_line (start 1.48 0.73) (end 1.48 -0.73) (layer B.CrtYd) (width 0.05))\n    (fp_line (start -1.48 0.73) (end 1.48 0.73) (layer B.CrtYd) (width 0.05))\n    (fp_line (start -1.48 -0.73) (end -1.48 0.73) (layer B.CrtYd) (width 0.05))\n    (fp_line (start -0.162779 -0.51) (end 0.162779 -0.51) (layer B.SilkS) (width 0.12))\n    (fp_line (start -0.162779 0.51) (end 0.162779 0.51) (layer B.SilkS) (width 0.12))\n    (fp_line (start 0.8 -0.4) (end -0.8 -0.4) (layer B.Fab) (width 0.1))\n    (fp_line (start 0.8 0.4) (end 0.8 -0.4) (layer B.Fab) (width 0.1))\n    (fp_line (start -0.8 0.4) (end 0.8 0.4) (layer B.Fab) (width 0.1))\n    (fp_line (start -0.8 -0.4) (end -0.8 0.4) (layer B.Fab) (width 0.1))\n    (pad 2 smd roundrect (at 0.7875 0 225) (size 0.875 0.95) (layers B.Cu B.Paste B.Mask) (roundrect_rratio 0.25)\n      (net 2 gnd))\n    (pad 1 smd roundrect (at -0.7875 0 225) (size 0.875 0.95) (layers B.Cu B.Paste B.Mask) (roundrect_rratio 0.25)\n      (net 1 v3v3))\n    (model ${KISYS3DMOD}/Capacitor_SMD.3dshapes/C_0603_1608Metric.wrl\n      (at (xyz 0 0 0))\n      (scale (xyz 1 1 1))\n      (rotate (xyz 0 0 0))\n    )\n  )\n\n  (module Capacitor_SMD:C_0603_1608Metric (layer B.Cu) (tedit 5B301BBE) (tstamp 5D6F44FC)\n    (at 145.707107 105.050253 225)\n    (descr "Capacitor SMD 0603 (1608 Metric), square (rectangular) end terminal, IPC_7351 nominal, (Body size source: http://www.tortai-tech.com/upload/download/2011102023233369053.pdf), generated with kicad-footprint-generator")\n    (tags capacitor)\n    (path /mcu/pwr_cap_4)\n    (attr smd)\n    (fp_text reference mcu.pwr_cap_4 (at 0 1 225) (layer B.SilkS)\n      (effects (font (size 0.5 0.5) (thickness 0.08)) (justify mirror))\n    )\n    (fp_text value "0.1\xc2\xb5F, 50V, CL10B104KB8NNNC" (at 0 -1.43 225) (layer B.Fab)\n      (effects (font (size 0.5 0.5) (thickness 0.08)) (justify mirror))\n    )\n    (fp_line (start -0.8 -0.4) (end -0.8 0.4) (layer B.Fab) (width 0.1))\n    (fp_line (start -0.8 0.4) (end 0.8 0.4) (layer B.Fab) (width 0.1))\n    (fp_line (start 0.8 0.4) (end 0.8 -0.4) (layer B.Fab) (width 0.1))\n    (fp_line (start 0.8 -0.4) (end -0.8 -0.4) (layer B.Fab) (width 0.1))\n    (fp_line (start -0.162779 0.51) (end 0.162779 0.51) (layer B.SilkS) (width 0.12))\n    (fp_line (start -0.162779 -0.51) (end 0.162779 -0.51) (layer B.SilkS) (width 0.12))\n    (fp_line (start -1.48 -0.73) (end -1.48 0.73) (layer B.CrtYd) (width 0.05))\n    (fp_line (start -1.48 0.73) (end 1.48 0.73) (layer B.CrtYd) (width 0.05))\n    (fp_line (start 1.48 0.73) (end 1.48 -0.73) (layer B.CrtYd) (width 0.05))\n    (fp_line (start 1.48 -0.73) (end -1.48 -0.73) (layer B.CrtYd) (width 0.05))\n    (fp_text user %R (at 0 0 225) (layer B.Fab)\n      (effects (font (size 0.5 0.5) (thickness 0.08)) (justify mirror))\n    )\n    (pad 1 smd roundrect (at -0.7875 0 225) (size 0.875 0.95) (layers B.Cu B.Paste B.Mask) (roundrect_rratio 0.25)\n      (net 1 v3v3))\n    (pad 2 smd roundrect (at 0.7875 0 225) (size 0.875 0.95) (layers B.Cu B.Paste B.Mask) (roundrect_rratio 0.25)\n      (net 2 gnd))\n    (model ${KISYS3DMOD}/Capacitor_SMD.3dshapes/C_0603_1608Metric.wrl\n      (at (xyz 0 0 0))\n      (scale (xyz 1 1 1))\n      (rotate (xyz 0 0 0))\n    )\n  )\n\n  (module Capacitor_SMD:C_0603_1608Metric (layer B.Cu) (tedit 5B301BBE) (tstamp 5D6F478A)\n    (at 147.12132 106.464466 225)\n    (descr "Capacitor SMD 0603 (1608 Metric), square (rectangular) end terminal, IPC_7351 nominal, (Body size source: http://www.tortai-tech.com/upload/download/2011102023233369053.pdf), generated with kicad-footprint-generator")\n    (tags capacitor)\n    (path /mcu/pwr_cap_5)\n    (attr smd)\n    (fp_text reference mcu.pwr_cap_5 (at 0 1 225) (layer B.SilkS)\n      (effects (font (size 0.5 0.5) (thickness 0.08)) (justify mirror))\n    )\n    (fp_text value "10000pF, 50V, CL10B103KB8NNNC" (at 0 -1.43 225) (layer B.Fab)\n      (effects (font (size 0.5 0.5) (thickness 0.08)) (justify mirror))\n    )\n    (fp_text user %R (at 0 0 225) (layer B.Fab)\n      (effects (font (size 0.5 0.5) (thickness 0.08)) (justify mirror))\n    )\n    (fp_line (start 1.48 -0.73) (end -1.48 -0.73) (layer B.CrtYd) (width 0.05))\n    (fp_line (start 1.48 0.73) (end 1.48 -0.73) (layer B.CrtYd) (width 0.05))\n    (fp_line (start -1.48 0.73) (end 1.48 0.73) (layer B.CrtYd) (width 0.05))\n    (fp_line (start -1.48 -0.73) (end -1.48 0.73) (layer B.CrtYd) (width 0.05))\n    (fp_line (start -0.162779 -0.51) (end 0.162779 -0.51) (layer B.SilkS) (width 0.12))\n    (fp_line (start -0.162779 0.51) (end 0.162779 0.51) (layer B.SilkS) (width 0.12))\n    (fp_line (start 0.8 -0.4) (end -0.8 -0.4) (layer B.Fab) (width 0.1))\n    (fp_line (start 0.8 0.4) (end 0.8 -0.4) (layer B.Fab) (width 0.1))\n    (fp_line (start -0.8 0.4) (end 0.8 0.4) (layer B.Fab) (width 0.1))\n    (fp_line (start -0.8 -0.4) (end -0.8 0.4) (layer B.Fab) (width 0.1))\n    (pad 2 smd roundrect (at 0.7875 0 225) (size 0.875 0.95) (layers B.Cu B.Paste B.Mask) (roundrect_rratio 0.25)\n      (net 2 gnd))\n    (pad 1 smd roundrect (at -0.7875 0 225) (size 0.875 0.95) (layers B.Cu B.Paste B.Mask) (roundrect_rratio 0.25)\n      (net 1 v3v3))\n    (model ${KISYS3DMOD}/Capacitor_SMD.3dshapes/C_0603_1608Metric.wrl\n      (at (xyz 0 0 0))\n      (scale (xyz 1 1 1))\n      (rotate (xyz 0 0 0))\n    )\n  )\n\n  (module Capacitor_SMD:C_0603_1608Metric (layer B.Cu) (tedit 5B301BBE) (tstamp 5D6F44CC)\n    (at 141.464466 112.12132 45)\n    (descr "Capacitor SMD 0603 (1608 Metric), square (rectangular) end terminal, IPC_7351 nominal, (Body size source: http://www.tortai-tech.com/upload/download/2011102023233369053.pdf), generated with kicad-footprint-generator")\n    (tags capacitor)\n    (path /mcu/pwra_cap_0)\n    (attr smd)\n    (fp_text reference mcu.pwra_cap_0 (at 0 -1 45) (layer B.SilkS)\n      (effects (font (size 0.5 0.5) (thickness 0.08)) (justify mirror))\n    )\n    (fp_text value "0.1\xc2\xb5F, 50V, CL10B104KB8NNNC" (at 0 -1.43 45) (layer B.Fab)\n      (effects (font (size 0.5 0.5) (thickness 0.08)) (justify mirror))\n    )\n    (fp_line (start -0.8 -0.4) (end -0.8 0.4) (layer B.Fab) (width 0.1))\n    (fp_line (start -0.8 0.4) (end 0.8 0.4) (layer B.Fab) (width 0.1))\n    (fp_line (start 0.8 0.4) (end 0.8 -0.4) (layer B.Fab) (width 0.1))\n    (fp_line (start 0.8 -0.4) (end -0.8 -0.4) (layer B.Fab) (width 0.1))\n    (fp_line (start -0.162779 0.51) (end 0.162779 0.51) (layer B.SilkS) (width 0.12))\n    (fp_line (start -0.162779 -0.51) (end 0.162779 -0.51) (layer B.SilkS) (width 0.12))\n    (fp_line (start -1.48 -0.73) (end -1.48 0.73) (layer B.CrtYd) (width 0.05))\n    (fp_line (start -1.48 0.73) (end 1.48 0.73) (layer B.CrtYd) (width 0.05))\n    (fp_line (start 1.48 0.73) (end 1.48 -0.73) (layer B.CrtYd) (width 0.05))\n    (fp_line (start 1.48 -0.73) (end -1.48 -0.73) (layer B.CrtYd) (width 0.05))\n    (fp_text user %R (at 0 0 45) (layer B.Fab)\n      (effects (font (size 0.5 0.5) (thickness 0.08)) (justify mirror))\n    )\n    (pad 1 smd roundrect (at -0.7875 0 45) (size 0.875 0.95) (layers B.Cu B.Paste B.Mask) (roundrect_rratio 0.25)\n      (net 1 v3v3))\n    (pad 2 smd roundrect (at 0.7875 0 45) (size 0.875 0.95) (layers B.Cu B.Paste B.Mask) (roundrect_rratio 0.25)\n      (net 2 gnd))\n    (model ${KISYS3DMOD}/Capacitor_SMD.3dshapes/C_0603_1608Metric.wrl\n      (at (xyz 0 0 0))\n      (scale (xyz 1 1 1))\n      (rotate (xyz 0 0 0))\n    )\n  )\n\n  (module Capacitor_SMD:C_0603_1608Metric (layer B.Cu) (tedit 5B301BBE) (tstamp 5D6F446C)\n    (at 142.171573 107.171573 315)\n    (descr "Capacitor SMD 0603 (1608 Metric), square (rectangular) end terminal, IPC_7351 nominal, (Body size source: http://www.tortai-tech.com/upload/download/2011102023233369053.pdf), generated with kicad-footprint-generator")\n    (tags capacitor)\n    (path /mcu/vref_cap_0)\n    (attr smd)\n    (fp_text reference mcu.vref_cap_0 (at -2 0 45) (layer B.SilkS)\n      (effects (font (size 0.5 0.5) (thickness 0.08)) (justify mirror))\n    )\n    (fp_text value "0.1\xc2\xb5F, 50V, CL10B104KB8NNNC" (at 0 -1.43 315) (layer B.Fab)\n      (effects (font (size 0.5 0.5) (thickness 0.08)) (justify mirror))\n    )\n    (fp_line (start -0.8 -0.4) (end -0.8 0.4) (layer B.Fab) (width 0.1))\n    (fp_line (start -0.8 0.4) (end 0.8 0.4) (layer B.Fab) (width 0.1))\n    (fp_line (start 0.8 0.4) (end 0.8 -0.4) (layer B.Fab) (width 0.1))\n    (fp_line (start 0.8 -0.4) (end -0.8 -0.4) (layer B.Fab) (width 0.1))\n    (fp_line (start -0.162779 0.51) (end 0.162779 0.51) (layer B.SilkS) (width 0.12))\n    (fp_line (start -0.162779 -0.51) (end 0.162779 -0.51) (layer B.SilkS) (width 0.12))\n    (fp_line (start -1.48 -0.73) (end -1.48 0.73) (layer B.CrtYd) (width 0.05))\n    (fp_line (start -1.48 0.73) (end 1.48 0.73) (layer B.CrtYd) (width 0.05))\n    (fp_line (start 1.48 0.73) (end 1.48 -0.73) (layer B.CrtYd) (width 0.05))\n    (fp_line (start 1.48 -0.73) (end -1.48 -0.73) (layer B.CrtYd) (width 0.05))\n    (fp_text user %R (at 0 0 315) (layer B.Fab)\n      (effects (font (size 0.5 0.5) (thickness 0.08)) (justify mirror))\n    )\n    (pad 1 smd roundrect (at -0.7875 0 315) (size 0.875 0.95) (layers B.Cu B.Paste B.Mask) (roundrect_rratio 0.25)\n      (net 1 v3v3))\n    (pad 2 smd roundrect (at 0.7875 0 315) (size 0.875 0.95) (layers B.Cu 