(kicad_pcb (version 20171130) (host pcbnew "(5.1.2)-1")

  (general
    (thickness 1.6)
    (drawings 8)
    (tracks 396)
    (zones 0)
    (modules 71)
    (nets 38)
  )

  (page A4)
  (layers
    (0 F.Cu signal)
    (31 B.Cu signal)
    (32 B.Adhes user)
    (33 F.Adhes user)
    (34 B.Paste user)
    (35 F.Paste user)
    (36 B.SilkS user)
    (37 F.SilkS user)
    (38 B.Mask user)
    (39 F.Mask user)
    (40 Dwgs.User user)
    (41 Cmts.User user)
    (42 Eco1.User user)
    (43 Eco2.User user)
    (44 Edge.Cuts user)
    (45 Margin user)
    (46 B.CrtYd user hide)
    (47 F.CrtYd user hide)
    (48 B.Fab user hide)
    (49 F.Fab user hide)
  )

  (setup
    (last_trace_width 0.1524)
    (user_trace_width 0.1778)
    (user_trace_width 0.254)
    (user_trace_width 0.3302)
    (user_trace_width 0.381)
    (user_trace_width 0.508)
    (user_trace_width 0.635)
    (user_trace_width 0.762)
    (user_trace_width 1.27)
    (user_trace_width 3.81)
    (trace_clearance 0.1524)
    (zone_clearance 0.3302)
    (zone_45_only no)
    (trace_min 0.127)
    (via_size 0.635)
    (via_drill 0.3048)
    (via_min_size 0.4)
    (via_min_drill 0.3)
    (user_via 0.635 0.3048)
    (user_via 0.762 0.4318)
    (user_via 1.27 0.9398)
    (uvia_size 0.3)
    (uvia_drill 0.1)
    (uvias_allowed no)
    (uvia_min_size 0.2)
    (uvia_min_drill 0.1)
    (edge_width 0.05)
    (segment_width 0.2)
    (pcb_text_width 0.3)
    (pcb_text_size 1.5 1.5)
    (mod_edge_width 0.127)
    (mod_text_size 0.508 0.762)
    (mod_text_width 0.127)
    (pad_size 3.200001 3.200001)
    (pad_drill 3.200001)
    (pad_to_mask_clearance 0)
    (solder_mask_min_width 0.2032)
    (aux_axis_origin 0 0)
    (grid_origin 164 56)
    (visible_elements 7FFFFFFF)
    (pcbplotparams
      (layerselection 0x010f0_ffffffff)
      (usegerberextensions false)
      (usegerberattributes false)
      (usegerberadvancedattributes false)
      (creategerberjobfile false)
      (excludeedgelayer true)
      (linewidth 0.100000)
      (plotframeref false)
      (viasonmask false)
      (mode 1)
      (useauxorigin false)
      (hpglpennumber 1)
      (hpglpenspeed 20)
      (hpglpendiameter 15.000000)
      (psnegative false)
      (psa4output false)
      (plotreference true)
      (plotvalue true)
      (plotinvisibletext false)
      (padsonsilk false)
      (subtractmaskfromsilk false)
      (outputformat 1)
      (mirror false)
      (drillshape 0)
      (scaleselection 1)
      (outputdirectory "gerbers"))
  )

  (net 0 "")
  (net 1 cam_conn.si)
  (net 2 srv.sig)
  (net 3 pwm_conn.pwm0)
  (net 4 motor.a)
  (net 5 vin)
  (net 6 gnd)
  (net 7 vusb)
  (net 8 vsrv)
  (net 9 cam_div.output)
  (net 10 cam_div.top)
  (net 11 cam_conn.clk)
  (net 12 drv1.pwr)
  (net 13 gpio_conn.gp0)
  (net 14 drv1.ina)
  (net 15 hole_0.pad)
  (net 16 hole_1.pad)
  (net 17 hole_2.pad)
  (net 18 hole_3.pad)
  (net 19 R4.1)
  (net 20 R13.1)
  (net 21 C1.1)
  (net 22 C1.2)
  (net 23 U3.6)
  (net 24 C13.1)
  (net 25 L2.1)
  (net 26 C18.1)
  (net 27 R8.2)
  (net 28 U6.2)
  (net 29 R12.1)
  (net 30 U6.16)
  (net 31 D2.1)
  (net 32 D3.2)
  (net 33 R16.1)
  (net 34 R11.2)
  (net 35 R13.2)
  (net 36 U4.5)
  (net 37 U6.15)

  (net_class Default "This is the default net class."
    (clearance 0.1524)
    (trace_width 0.1524)
    (via_dia 0.635)
    (via_drill 0.3048)
    (uvia_dia 0.3)
    (uvia_drill 0.1)
    (add_net C1.1)
    (add_net C1.2)
    (add_net C13.1)
    (add_net C18.1)
    (add_net D2.1)
    (add_net D3.2)
    (add_net L2.1)
    (add_net R11.2)
    (add_net R12.1)
    (add_net R13.1)
    (add_net R13.2)
    (add_net R16.1)
    (add_net R4.1)
    (add_net R8.2)
    (add_net U3.6)
    (add_net U4.5)
    (add_net U6.15)
    (add_net U6.16)
    (add_net U6.2)
    (add_net cam_conn.clk)
    (add_net cam_conn.si)
    (add_net cam_div.output)
    (add_net cam_div.top)
    (add_net drv1.ina)
    (add_net drv1.pwr)
    (add_net gnd)
    (add_net gpio_conn.gp0)
    (add_net hole_0.pad)
    (add_net hole_1.pad)
    (add_net hole_2.pad)
    (add_net hole_3.pad)
    (add_net motor.a)
    (add_net pwm_conn.pwm0)
    (add_net srv.sig)
    (add_net vin)
    (add_net vsrv)
    (add_net vusb)
  )

  (module Resistor_SMD:R_0603_1608Metric (layer F.Cu) (tedit 5B301BBD) (tstamp 5DFA35C5)
    (at 175.43 80.13)
    (descr "Resistor SMD 0603 (1608 Metric), square (rectangular) end terminal, IPC_7351 nominal, (Body size source: http://www.tortai-tech.com/upload/download/2011102023233369053.pdf), generated with kicad-footprint-generator")
    (tags resistor)
    (path /drv1/drv/b_gate_res)
    (attr smd)
    (fp_text reference R13 (at 0 -1.27 180) (layer F.SilkS)
      (effects (font (size 0.75 0.6) (thickness 0.1)))
    )
    (fp_text value "2.2, 1%, 0.1W" (at 0 1.43 180) (layer F.Fab)
      (effects (font (size 0.75 0.6) (thickness 0.1)))
    )
    (fp_text user %R (at 0 0 180) (layer F.Fab)
      (effects (font (size 0.75 0.6) (thickness 0.1)))
    )
    (fp_line (start 1.48 0.73) (end -1.48 0.73) (layer F.CrtYd) (width 0.05))
    (fp_line (start 1.48 -0.73) (end 1.48 0.73) (layer F.CrtYd) (width 0.05))
    (fp_line (start -1.48 -0.73) (end 1.48 -0.73) (layer F.CrtYd) (width 0.05))
    (fp_line (start -1.48 0.73) (end -1.48 -0.73) (layer F.CrtYd) (width 0.05))
    (fp_line (start -0.162779 0.51) (end 0.162779 0.51) (layer F.SilkS) (width 0.12))
    (fp_line (start -0.162779 -0.51) (end 0.162779 -0.51) (layer F.SilkS) (width 0.12))
    (fp_line (start 0.8 0.4) (end -0.8 0.4) (layer F.Fab) (width 0.1))
    (fp_line (start 0.8 -0.4) (end 0.8 0.4) (layer F.Fab) (width 0.1))
    (fp_line (start -0.8 -0.4) (end 0.8 -0.4) (layer F.Fab) (width 0.1))
    (fp_line (start -0.8 0.4) (end -0.8 -0.4) (layer F.Fab) (width 0.1))
    (pad 2 smd roundrect (at 0.7875 0) (size 0.875 0.95) (layers F.Cu F.Paste F.Mask) (roundrect_rratio 0.25)
      (net 35 R13.2))
    (pad 1 smd roundrect (at -0.7875 0) (size 0.875 0.95) (layers F.Cu F.Paste F.Mask) (roundrect_rratio 0.25)
      (net 20 R13.1))
    (model ${KISYS3DMOD}/Resistor_SMD.3dshapes/R_0603_1608Metric.wrl
      (at (xyz 0 0 0))
      (scale (xyz 1 1 1))
      (rotate (xyz 0 0 0))
    )
  )

  (module calisco:Symbol_Duckling (layer F.Cu) (tedit 5D8A7175) (tstamp 5DF94D58)
    (at 168.445 78.225)
    (descr Duckling)
    (path /duck)
    (attr smd)
    (fp_text reference U2 (at 0 -4) (layer F.SilkS) hide
      (effects (font (size 0.75 0.6) (thickness 0.1)))
    )
    (fp_text value Duck (at 0 4) (layer F.SilkS) hide
      (effects (font (size 0.75 0.6) (thickness 0.1)))
    )
    (fp_circle (center 0 0) (end 1.25 0) (layer F.Mask) (width 2.5))
    (fp_arc (start 0.255376 2.580879) (end 0.286757 1.643905) (angle -31.9) (layer F.Cu) (width 0.16))
    (fp_arc (start 0.255376 0.95693) (end -0.213243 1.768905) (angle -31.9) (layer F.Cu) (width 0.16))
    (fp_arc (start -1.045869 -1.397143) (end -0.303506 -0.391461) (angle -23.07391807) (layer F.Cu) (width 0.2))
    (fp_arc (start 0.820058 1.49895) (end 0.820058 1.43645) (angle -180) (layer F.Cu) (width 0.16))
    (fp_arc (start 0.820058 1.62395) (end 0.820058 1.56145) (angle -180) (layer F.Cu) (width 0.16))
    (fp_line (start -0.51095 1.424715) (end -0.201673 1.39873) (layer F.Cu) (width 0.2))
    (fp_line (start -1.072198 1.25) (end -0.807277 1.374087) (layer F.Cu) (width 0.2))
    (fp_line (start -0.201673 1.39873) (end 0.101295 1.297751) (layer F.Cu) (width 0.2))
    (fp_line (start 0.101295 1.297751) (end 0.379085 1.128065) (layer F.Cu) (width 0.2))
    (fp_arc (start 0.438855 0.614222) (end -0.303506 -0.391461) (angle -50.50954913) (layer F.Cu) (width 0.2))
    (fp_arc (start -2.057586 0.480902) (end -1.072198 1.25) (angle -34.91520625) (layer F.Cu) (width 0.2))
    (fp_line (start -0.807277 1.374087) (end -0.51095 1.424715) (layer F.Cu) (width 0.2))
    (fp_line (start 0.379085 1.128065) (end 0.614398 0.900241) (layer F.Cu) (width 0.2))
    (fp_line (start 0.614398 0.900241) (end 0.792579 0.628467) (layer F.Cu) (width 0.2))
    (fp_line (start 0.937407 0.022451) (end 0.895035 -0.27405) (layer F.Cu) (width 0.2))
    (fp_line (start 0.895035 -0.27405) (end 0.778054 -0.54137) (layer F.Cu) (width 0.2))
    (fp_line (start 0.778054 -0.54137) (end 0.59375 -0.762861) (layer F.Cu) (width 0.2))
    (fp_arc (start 1.417814 -1.468658) (end 0.869178 -1.169286) (angle -38.9) (layer F.Cu) (width 0.16))
    (fp_line (start 0.792579 0.628467) (end 0.902531 0.329667) (layer F.Cu) (width 0.2))
    (fp_arc (start 0.666915 0.805586) (end -0.013396 -0.243068) (angle -64) (layer F.Cu) (width 0.16))
    (fp_arc (start 0.5 -1.375) (end 0.62074 -1.407352) (angle -150) (layer F.Cu) (width 0.16))
    (fp_arc (start 0.286757 1.831405) (end 0.286757 1.768905) (angle -180) (layer F.Cu) (width 0.16))
    (fp_circle (center 0.3125 -1.25) (end 0.875 -1.25) (layer F.Cu) (width 0.2))
    (fp_arc (start 1.002382 -1.490866) (end 0.763205 -0.913443) (angle -38.9) (layer F.Cu) (width 0.16))
    (fp_line (start 0.902531 0.329667) (end 0.937407 0.022451) (layer F.Cu) (width 0.2))
    (fp_arc (start 0.286757 1.706405) (end 0.286757 1.643905) (angle -180) (layer F.Cu) (width 0.16))
    (fp_arc (start -0.639602 -0.290712) (end -0.573812 0.957555) (angle -73.5) (layer F.Cu) (width 0.16))
    (fp_arc (start 0.788677 0.749475) (end 0.320058 1.56145) (angle -31.9) (layer F.Cu) (width 0.16))
    (fp_arc (start 0 0) (end 1.093749 1.89443) (angle -300) (layer F.Cu) (width 0.2))
    (fp_arc (start 0.788677 2.373424) (end 0.820058 1.43645) (angle -31.9) (layer F.Cu) (width 0.16))
    (fp_line (start -0.150743 1.768905) (end -0.2 1.39571) (layer F.Cu) (width 0.2))
    (fp_circle (center 0 0) (end 2.5 0) (layer F.Cu) (width 0.2))
    (fp_line (start 0.382558 1.56145) (end 0.273702 1.202597) (layer F.Cu) (width 0.2))
    (fp_line (start -0.2 1.39571) (end -0.212004 1.146914) (layer F.Cu) (width 0.2))
  )

  (module calisco:Indicator_IdDots_4 (layer F.Cu) (tedit 5D81DE50) (tstamp 5DF94E4F)
    (at 162.095 80.13)
    (path /id)
    (fp_text reference U5 (at 0 2) (layer F.SilkS) hide
      (effects (font (size 0.75 0.6) (thickness 0.1)))
    )
    (fp_text value IdDots4 (at 0 -2) (layer F.Fab)
      (effects (font (size 0.75 0.6) (thickness 0.1)))
    )
    (fp_circle (center -2.25 0) (end -2 0) (layer F.Cu) (width 0.5))
    (fp_line (start -3 0.5) (end -2.75 0.75) (layer F.SilkS) (width 0.1))
    (fp_line (start -2.75 0.75) (end -1.75 0.75) (layer F.SilkS) (width 0.1))
    (fp_line (start -1.75 0.75) (end -1.5 0.5) (layer F.SilkS) (width 0.1))
    (fp_line (start -1.5 0.25) (end -1.5 -0.25) (layer F.SilkS) (width 0.1))
    (fp_line (start -1.5 -0.5) (end -1.75 -0.75) (layer F.SilkS) (width 0.1))
    (fp_line (start -2.75 -0.75) (end -3 -0.5) (layer F.SilkS) (width 0.1))
    (fp_line (start -1.75 -0.75) (end -2.75 -0.75) (layer F.SilkS) (width 0.1))
    (fp_line (start -3 -0.5) (end -3 0.5) (layer F.SilkS) (width 0.1))
    (fp_circle (center -2.25 0) (end -2 0) (layer F.Mask) (width 0.7))
    (fp_circle (center -0.75 0) (end -0.5 0) (layer F.Mask) (width 0.7))
    (fp_line (start -1.5 0.5) (end -1.25 0.75) (layer F.SilkS) (width 0.1))
    (fp_line (start -0.25 0.75) (end 0 0.5) (layer F.SilkS) (width 0.1))
    (fp_line (start -0.25 -0.75) (end -1.25 -0.75) (layer F.SilkS) (width 0.1))
    (fp_line (start -1.25 -0.75) (end -1.5 -0.5) (layer F.SilkS) (width 0.1))
    (fp_line (start 0 -0.5) (end -0.25 -0.75) (layer F.SilkS) (width 0.1))
    (fp_line (start -1.25 0.75) (end -0.25 0.75) (layer F.SilkS) (width 0.1))
    (fp_circle (center -0.75 0) (end -0.5 0) (layer F.Cu) (width 0.5))
    (fp_line (start 0 0.25) (end 0 -0.25) (layer F.SilkS) (width 0.1))
    (fp_circle (center 0.75 0) (end 1 0) (layer F.Mask) (width 0.7))
    (fp_line (start 0 0.5) (end 0.25 0.75) (layer F.SilkS) (width 0.1))
    (fp_line (start 1.25 0.75) (end 1.5 0.5) (layer F.SilkS) (width 0.1))
    (fp_line (start 1.25 -0.75) (end 0.25 -0.75) (layer F.SilkS) (width 0.1))
    (fp_line (start 0.25 -0.75) (end 0 -0.5) (layer F.SilkS) (width 0.1))
    (fp_line (start 1.5 -0.5) (end 1.25 -0.75) (layer F.SilkS) (width 0.1))
    (fp_line (start 0.25 0.75) (end 1.25 0.75) (layer F.SilkS) (width 0.1))
    (fp_circle (center 0.75 0) (end 1 0) (layer F.Cu) (width 0.5))
    (fp_line (start 1.5 0.25) (end 1.5 -0.25) (layer F.SilkS) (width 0.1))
    (fp_circle (center 2.25 0) (end 2.5 0) (layer F.Mask) (width 0.7))
    (fp_line (start 1.5 0.5) (end 1.75 0.75) (layer F.SilkS) (width 0.1))
    (fp_line (start 2.75 0.75) (end 3 0.5) (layer F.SilkS) (width 0.1))
    (fp_line (start 2.75 -0.75) (end 1.75 -0.75) (layer F.SilkS) (width 0.1))
    (fp_line (start 1.75 -0.75) (end 1.5 -0.5) (layer F.SilkS) (width 0.1))
    (fp_line (start 3 -0.5) (end 2.75 -0.75) (layer F.SilkS) (width 0.1))
    (fp_line (start 1.75 0.75) (end 2.75 0.75) (layer F.SilkS) (width 0.1))
    (fp_circle (center 2.25 0) (end 2.5 0) (layer F.Cu) (width 0.5))
    (fp_line (start 3 0.5) (end 3 -0.5) (layer F.SilkS) (width 0.1))
    (fp_line (start -3.5 -0.75) (end -3.25 -0.5) (layer F.SilkS) (width 0.1))
    (fp_line (start -3.25 -0.5) (end -3.5 -0.25) (layer F.SilkS) (width 0.1))
    (fp_line (start -3.5 -0.25) (end -3.5 -0.75) (layer F.SilkS) (width 0.1))
    (fp_line (start -3.25 0.5) (end -3.5 0.75) (layer F.SilkS) (width 0.1))
    (fp_line (start -3.5 0.75) (end -3.5 0.25) (layer F.SilkS) (width 0.1))
    (fp_line (start -3.5 0.25) (end -3.25 0.5) (layer F.SilkS) (width 0.1))
    (fp_line (start 3.5 0) (end 3.25 0.25) (layer F.SilkS) (width 0.1))
    (fp_line (start 3.25 0.25) (end 3.25 -0.25) (layer F.SilkS) (width 0.1))
    (fp_line (start 3.25 -0.25) (end 3.5 0) (layer F.SilkS) (width 0.1))
  )

  (module calisco:Indicator_LeadFree (layer F.Cu) (tedit 5D7F301C) (tstamp 5DF94E5C)
    (at 162.095 76.32)
    (path /leadfree)
    (fp_text reference U1 (at 0 2) (layer F.SilkS) hide
      (effects (font (size 0.75 0.6) (thickness 0.1)))
    )
    (fp_text value LeadFree (at 0 -2) (layer F.Fab) hide
      (effects (font (size 0.75 0.6) (thickness 0.1)))
    )
    (fp_text user Pb (at 1.25 0) (layer F.Cu)
      (effects (font (size 1 0.8) (thickness 0.2)))
    )
    (fp_line (start 0.6 0.7) (end 1.9 -0.7) (layer F.Cu) (width 0.2))
    (fp_circle (center -1.25 0) (end -0.25 0) (layer F.Cu) (width 0.2))
    (fp_circle (center -1.25 0) (end -0.75 0) (layer F.Mask) (width 1.5))
    (fp_text user Pb (at -1.25 0) (layer F.Cu)
      (effects (font (size 1 0.8) (thickness 0.2)))
    )
    (fp_circle (center 1.25 0) (end 2.25 0) (layer F.Cu) (width 0.2))
    (fp_line (start -2.05 -0.55) (end -1.8 -0.55) (layer F.Cu) (width 0.2))
    (fp_line (start -0.8 0.45) (end -0.4 0.45) (layer F.Cu) (width 0.2))
    (fp_circle (center 1.25 0) (end 1.75 0) (layer F.Mask) (width 1.5))
  )

  (module Resistor_SMD:R_0603_1608Metric (layer B.Cu) (tedit 5B301BBD) (tstamp 5DF94ECF)
    (at 138.9525 84.285 180)
    (descr "Resistor SMD 0603 (1608 Metric), square (rectangular) end terminal, IPC_7351 nominal, (Body size source: http://www.tortai-tech.com/upload/download/2011102023233369053.pdf), generated with kicad-footprint-generator")
    (tags resistor)
    (path /reg_bbl/fb/bottom_res)
    (attr smd)
    (fp_text reference R4 (at 0 -1) (layer B.SilkS)
      (effects (font (size 0.75 0.6) (thickness 0.1)) (justify mirror))
    )
    (fp_text value "82k, 1%, 0.1W" (at 0 -1.43) (layer B.Fab)
      (effects (font (size 0.75 0.6) (thickness 0.1)) (justify mirror))
    )
    (fp_text user %R (at 0 0) (layer B.Fab)
      (effects (font (size 0.75 0.6) (thickness 0.1)) (justify mirror))
    )
    (fp_line (start 1.48 -0.73) (end -1.48 -0.73) (layer B.CrtYd) (width 0.05))
    (fp_line (start 1.48 0.73) (end 1.48 -0.73) (layer B.CrtYd) (width 0.05))
    (fp_line (start -1.48 0.73) (end 1.48 0.73) (layer B.CrtYd) (width 0.05))
    (fp_line (start -1.48 -0.73) (end -1.48 0.73) (layer B.CrtYd) (width 0.05))
    (fp_line (start -0.162779 -0.51) (end 0.162779 -0.51) (layer B.SilkS) (width 0.12))
    (fp_line (start -0.162779 0.51) (end 0.162779 0.51) (layer B.SilkS) (width 0.12))
    (fp_line (start 0.8 -0.4) (end -0.8 -0.4) (layer B.Fab) (width 0.1))
    (fp_line (start 0.8 0.4) (end 0.8 -0.4) (layer B.Fab) (width 0.1))
    (fp_line (start -0.8 0.4) (end 0.8 0.4) (layer B.Fab) (width 0.1))
    (fp_line (start -0.8 -0.4) (end -0.8 0.4) (layer B.Fab) (width 0.1))
    (pad 2 smd roundrect (at 0.7875 0 180) (size 0.875 0.95) (layers B.Cu B.Paste B.Mask) (roundrect_rratio 0.25)
      (net 6 gnd))
    (pad 1 smd roundrect (at -0.7875 0 180) (size 0.875 0.95) (layers B.Cu B.Paste B.Mask) (roundrect_rratio 0.25)
      (net 19 R4.1))
    (model ${KISYS3DMOD}/Resistor_SMD.3dshapes/R_0603_1608Metric.wrl
      (at (xyz 0 0 0))
      (scale (xyz 1 1 1))
      (rotate (xyz 0 0 0))
    )
  )

  (module Resistor_SMD:R_0603_1608Metric (layer B.Cu) (tedit 5B301BBD) (tstamp 5DF94EE0)
    (at 142.9525 84.285 180)
    (descr "Resistor SMD 0603 (1608 Metric), square (rectangular) end terminal, IPC_7351 nominal, (Body size source: http://www.tortai-tech.com/upload/download/2011102023233369053.pdf), generated with kicad-footprint-generator")
    (tags resistor)
    (path /reg_bbl/fb/top_res)
    (attr smd)
    (fp_text reference R3 (at 0 1) (layer B.SilkS)
      (effects (font (size 0.75 0.6) (thickness 0.1)) (justify mirror))
    )
    (fp_text value "330k, 1%, 0.1W" (at 0 -1.43) (layer B.Fab)
      (effects (font (size 0.75 0.6) (thickness 0.1)) (justify mirror))
    )
    (fp_line (start -0.8 -0.4) (end -0.8 0.4) (layer B.Fab) (width 0.1))
    (fp_line (start -0.8 0.4) (end 0.8 0.4) (layer B.Fab) (width 0.1))
    (fp_line (start 0.8 0.4) (end 0.8 -0.4) (layer B.Fab) (width 0.1))
    (fp_line (start 0.8 -0.4) (end -0.8 -0.4) (layer B.Fab) (width 0.1))
    (fp_line (start -0.162779 0.51) (end 0.162779 0.51) (layer B.SilkS) (width 0.12))
    (fp_line (start -0.162779 -0.51) (end 0.162779 -0.51) (layer B.SilkS) (width 0.12))
    (fp_line (start -1.48 -0.73) (end -1.48 0.73) (layer B.CrtYd) (width 0.05))
    (fp_line (start -1.48 0.73) (end 1.48 0.73) (layer B.CrtYd) (width 0.05))
    (fp_line (start 1.48 0.73) (end 1.48 -0.73) (layer B.CrtYd) (width 0.05))
    (fp_line (start 1.48 -0.73) (end -1.48 -0.73) (layer B.CrtYd) (width 0.05))
    (fp_text user %R (at 0 0) (layer B.Fab)
      (effects (font (size 0.75 0.6) (thickness 0.1)) (justify mirror))
    )
    (pad 1 smd roundrect (at -0.7875 0 180) (size 0.875 0.95) (layers B.Cu B.Paste B.Mask) (roundrect_rratio 0.25)
      (net 7 vusb))
    (pad 2 smd roundrect (at 0.7875 0 180) (size 0.875 0.95) (layers B.Cu B.Paste B.Mask) (roundrect_rratio 0.25)
      (net 19 R4.1))
    (model ${KISYS3DMOD}/Resistor_SMD.3dshapes/R_0603_1608Metric.wrl
      (at (xyz 0 0 0))
      (scale (xyz 1 1 1))
      (rotate (xyz 0 0 0))
    )
  )

  (module Capacitor_SMD:C_0603_1608Metric (layer B.Cu) (tedit 5B301BBE) (tstamp 5DF94EF1)
    (at 143.68 75.05)
    (descr "Capacitor SMD 0603 (1608 Metric), square (rectangular) end terminal, IPC_7351 nominal, (Body size source: http://www.tortai-tech.com/upload/download/2011102023233369053.pdf), generated with kicad-footprint-generator")
    (tags capacitor)
    (path /reg_bbl/hf_in_cap)
    (attr smd)
    (fp_text reference C6 (at 0 -1) (layer B.SilkS)
      (effects (font (size 0.75 0.6) (thickness 0.1)) (justify mirror))
    )
    (fp_text value "0.22µF, 16V, CL10B224KO8NNNC" (at 0 -1.43) (layer B.Fab)
      (effects (font (size 0.75 0.6) (thickness 0.1)) (justify mirror))
    )
    (fp_text user %R (at 0 0) (layer B.Fab)
      (effects (font (size 0.75 0.6) (thickness 0.1)) (justify mirror))
    )
    (fp_line (start 1.48 -0.73) (end -1.48 -0.73) (layer B.CrtYd) (width 0.05))
    (fp_line (start 1.48 0.73) (end 1.48 -0.73) (layer B.CrtYd) (width 0.05))
    (fp_line (start -1.48 0.73) (end 1.48 0.73) (layer B.CrtYd) (width 0.05))
    (fp_line (start -1.48 -0.73) (end -1.48 0.73) (layer B.CrtYd) (width 0.05))
    (fp_line (start -0.162779 -0.51) (end 0.162779 -0.51) (layer B.SilkS) (width 0.12))
    (fp_line (start -0.162779 0.51) (end 0.162779 0.51) (layer B.SilkS) (width 0.12))
    (fp_line (start 0.8 -0.4) (end -0.8 -0.4) (layer B.Fab) (width 0.1))
    (fp_line (start 0.8 0.4) (end 0.8 -0.4) (layer B.Fab) (width 0.1))
    (fp_line (start -0.8 0.4) (end 0.8 0.4) (layer B.Fab) (width 0.1))
    (fp_line (start -0.8 -0.4) (end -0.8 0.4) (layer B.Fab) (width 0.1))
    (pad 2 smd roundrect (at 0.7875 0) (size 0.875 0.95) (layers B.Cu B.Paste B.Mask) (roundrect_rratio 0.25)
      (net 6 gnd))
    (pad 1 smd roundrect (at -0.7875 0) (size 0.875 0.95) (layers B.Cu B.Paste B.Mask) (roundrect_rratio 0.25)
      (net 5 vin))
    (model ${KISYS3DMOD}/Capacitor_SMD.3dshapes/C_0603_1608Metric.wrl
      (at (xyz 0 0 0))
      (scale (xyz 1 1 1))
      (rotate (xyz 0 0 0))
    )
  )

  (module Connector_JST:JST_SH_BM06B-SRSS-TB_1x06-1MP_P1.00mm_Vertical (layer F.Cu) (tedit 5B78AD87) (tstamp 5DF9D310)
    (at 129.71 42.03 90)
    (descr "JST SH series connector, BM06B-SRSS-TB (http://www.jst-mfg.com/product/pdf/eng/eSH.pdf), generated with kicad-footprint-generator")
    (tags "connector JST SH side entry")
    (path /adc_conn)
    (attr smd)
    (fp_text reference J11 (at 0 3 90) (layer F.SilkS)
      (effects (font (size 0.75 0.6) (thickness 0.1)))
    )
    (fp_text value "JST-SH 6-pos" (at 0 3.3 90) (layer F.Fab)
      (effects (font (size 0.75 0.6) (thickness 0.1)))
    )
    (fp_text user %R (at 0 -0.25 90) (layer F.Fab)
      (effects (font (size 0.75 0.6) (thickness 0.1)))
    )
    (fp_line (start -2.5 0.292893) (end -2 1) (layer F.Fab) (width 0.1))
    (fp_line (start -3 1) (end -2.5 0.292893) (layer F.Fab) (width 0.1))
    (fp_line (start 4.9 -2.6) (end -4.9 -2.6) (layer F.CrtYd) (width 0.05))
    (fp_line (start 4.9 2.6) (end 4.9 -2.6) (layer F.CrtYd) (width 0.05))
    (fp_line (start -4.9 2.6) (end 4.9 2.6) (layer F.CrtYd) (width 0.05))
    (fp_line (start -4.9 -2.6) (end -4.9 2.6) (layer F.CrtYd) (width 0.05))
    (fp_line (start 2.65 -1.55) (end 2.35 -1.55) (layer F.Fab) (width 0.1))
    (fp_line (start 2.65 -0.95) (end 2.65 -1.55) (layer F.Fab) (width 0.1))
    (fp_line (start 2.35 -0.95) (end 2.65 -0.95) (layer F.Fab) (width 0.1))
    (fp_line (start 2.35 -1.55) (end 2.35 -0.95) (layer F.Fab) (width 0.1))
    (fp_line (start 1.65 -1.55) (end 1.35 -1.55) (layer F.Fab) (width 0.1))
    (fp_line (start 1.65 -0.95) (end 1.65 -1.55) (layer F.Fab) (width 0.1))
    (fp_line (start 1.35 -0.95) (end 1.65 -0.95) (layer F.Fab) (width 0.1))
    (fp_line (start 1.35 -1.55) (end 1.35 -0.95) (layer F.Fab) (width 0.1))
    (fp_line (start 0.65 -1.55) (end 0.35 -1.55) (layer F.Fab) (width 0.1))
    (fp_line (start 0.65 -0.95) (end 0.65 -1.55) (layer F.Fab) (width 0.1))
    (fp_line (start 0.35 -0.95) (end 0.65 -0.95) (layer F.Fab) (width 0.1))
    (fp_line (start 0.35 -1.55) (end 0.35 -0.95) (layer F.Fab) (width 0.1))
    (fp_line (start -0.35 -1.55) (end -0.65 -1.55) (layer F.Fab) (width 0.1))
    (fp_line (start -0.35 -0.95) (end -0.35 -1.55) (layer F.Fab) (width 0.1))
    (fp_line (start -0.65 -0.95) (end -0.35 -0.95) (layer F.Fab) (width 0.1))
    (fp_line (start -0.65 -1.55) (end -0.65 -0.95) (layer F.Fab) (width 0.1))
    (fp_line (start -1.35 -1.55) (end -1.65 -1.55) (layer F.Fab) (width 0.1))
    (fp_line (start -1.35 -0.95) (end -1.35 -1.55) (layer F.Fab) (width 0.1))
    (fp_line (start -1.65 -0.95) (end -1.35 -0.95) (layer F.Fab) (width 0.1))
    (fp_line (start -1.65 -1.55) (end -1.65 -0.95) (layer F.Fab) (width 0.1))
    (fp_line (start -2.35 -1.55) (end -2.65 -1.55) (layer F.Fab) (width 0.1))
    (fp_line (start -2.35 -0.95) (end -2.35 -1.55) (layer F.Fab) (width 0.1))
    (fp_line (start -2.65 -0.95) (end -2.35 -0.95) (layer F.Fab) (width 0.1))
    (fp_line (start -2.65 -1.55) (end -2.65 -0.95) (layer F.Fab) (width 0.1))
    (fp_line (start 4 1) (end 4 -1.9) (layer F.Fab) (width 0.1))
    (fp_line (start -4 1) (end -4 -1.9) (layer F.Fab) (width 0.1))
    (fp_line (start -4 -1.9) (end 4 -1.9) (layer F.Fab) (width 0.1))
    (fp_line (start -2.94 -2.01) (end 2.94 -2.01) (layer F.SilkS) (width 0.12))
    (fp_line (start 4.11 1.11) (end 3.06 1.11) (layer F.SilkS) (width 0.12))
    (fp_line (start 4.11 -0.04) (end 4.11 1.11) (layer F.SilkS) (width 0.12))
    (fp_line (start -3.06 1.11) (end -3.06 2.1) (layer F.SilkS) (width 0.12))
    (fp_line (start -4.11 1.11) (end -3.06 1.11) (layer F.SilkS) (width 0.12))
    (fp_line (start -4.11 -0.04) (end -4.11 1.11) (layer F.SilkS) (width 0.12))
    (fp_line (start -4 1) (end 4 1) (layer F.Fab) (width 0.1))
    (pad MP smd roundrect (at 3.8 -1.2 90) (size 1.2 1.8) (layers F.Cu F.Paste F.Mask) (roundrect_rratio 0.208333))
    (pad MP smd roundrect (at -3.8 -1.2 90) (size 1.2 1.8) (layers F.Cu F.Paste F.Mask) (roundrect_rratio 0.208333))
    (pad 6 smd roundrect (at 2.5 1.325 90) (size 0.6 1.55) (layers F.Cu F.Paste F.Mask) (roundrect_rratio 0.25))
    (pad 5 smd roundrect (at 1.5 1.325 90) (size 0.6 1.55) (layers F.Cu F.Paste F.Mask) (roundrect_rratio 0.25))
    (pad 4 smd roundrect (at 0.5 1.325 90) (size 0.6 1.55) (layers F.Cu F.Paste F.Mask) (roundrect_rratio 0.25))
    (pad 3 smd roundrect (at -0.5 1.325 90) (size 0.6 1.55) (layers F.Cu F.Paste F.Mask) (roundrect_rratio 0.25)
      (net 9 cam_div.output))
    (pad 2 smd roundrect (at -1.5 1.325 90) (size 0.6 1.55) (layers F.Cu F.Paste F.Mask) (roundrect_rratio 0.25))
    (pad 1 smd roundrect (at -2.5 1.325 90) (size 0.6 1.55) (layers F.Cu F.Paste F.Mask) (roundrect_rratio 0.25)
      (net 6 gnd))
    (model ${KISYS3DMOD}/Connector_JST.3dshapes/JST_SH_BM06B-SRSS-TB_1x06-1MP_P1.00mm_Vertical.wrl
      (at (xyz 0 0 0))
      (scale (xyz 1 1 1))
      (rotate (xyz 0 0 0))
    )
  )

  (module Connector_PinHeader_2.54mm:PinHeader_1x05_P2.54mm_Vertical (layer F.Cu) (tedit 59FED5CC) (tstamp 5DF9D5CC)
    (at 144 31.92)
    (descr "Through hole straight pin header, 1x05, 2.54mm pitch, single row")
    (tags "Through hole pin header THT 1x05 2.54mm single row")
    (path /cam_conn)
    (fp_text reference J1 (at 2 5.08 90) (layer F.SilkS)
      (effects (font (size 0.75 0.6) (thickness 0.1)))
    )
    (fp_text value "Header 5-pos" (at 0 12.49) (layer F.Fab)
      (effects (font (size 0.75 0.6) (thickness 0.1)))
    )
    (fp_line (start -0.635 -1.27) (end 1.27 -1.27) (layer F.Fab) (width 0.1))
    (fp_line (start 1.27 -1.27) (end 1.27 11.43) (layer F.Fab) (width 0.1))
    (fp_line (start 1.27 11.43) (end -1.27 11.43) (layer F.Fab) (width 0.1))
    (fp_line (start -1.27 11.43) (end -1.27 -0.635) (layer F.Fab) (width 0.1))
    (fp_line (start -1.27 -0.635) (end -0.635 -1.27) (layer F.Fab) (width 0.1))
    (fp_line (start -1.33 11.49) (end 1.33 11.49) (layer F.SilkS) (width 0.12))
    (fp_line (start -1.33 1.27) (end -1.33 11.49) (layer F.SilkS) (width 0.12))
    (fp_line (start 1.33 1.27) (end 1.33 11.49) (layer F.SilkS) (width 0.12))
    (fp_line (start -1.33 1.27) (end 1.33 1.27) (layer F.SilkS) (width 0.12))
    (fp_line (start -1.33 0) (end -1.33 -1.33) (layer F.SilkS) (width 0.12))
    (fp_line (start -1.33 -1.33) (end 0 -1.33) (layer F.SilkS) (width 0.12))
    (fp_line (start -1.8 -1.8) (end -1.8 11.95) (layer F.CrtYd) (width 0.05))
    (fp_line (start -1.8 11.95) (end 1.8 11.95) (layer F.CrtYd) (width 0.05))
    (fp_line (start 1.8 11.95) (end 1.8 -1.8) (layer F.CrtYd) (width 0.05))
    (fp_line (start 1.8 -1.8) (end -1.8 -1.8) (layer F.CrtYd) (width 0.05))
    (fp_text user %R (at 0 5.08 90) (layer F.Fab)
      (effects (font (size 0.75 0.6) (thickness 0.1)))
    )
    (pad 1 thru_hole rect (at 0 0) (size 1.7 1.7) (drill 1) (layers *.Cu *.Mask)
      (net 10 cam_div.top))
    (pad 2 thru_hole oval (at 0 2.54) (size 1.7 1.7) (drill 1) (layers *.Cu *.Mask)
      (net 1 cam_conn.si))
    (pad 3 thru_hole oval (at 0 5.08) (size 1.7 1.7) (drill 1) (layers *.Cu *.Mask)
      (net 11 cam_conn.clk))
    (pad 4 thru_hole oval (at 0 7.62) (size 1.7 1.7) (drill 1) (layers *.Cu *.Mask)
      (net 12 drv1.pwr))
    (pad 5 thru_hole oval (at 0 10.16) (size 1.7 1.7) (drill 1) (layers *.Cu *.Mask)
      (net 6 gnd))
    (model ${KISYS3DMOD}/Connector_PinHeader_2.54mm.3dshapes/PinHeader_1x05_P2.54mm_Vertical.wrl
      (at (xyz 0 0 0))
      (scale (xyz 1 1 1))
      (rotate (xyz 0 0 0))
    )
  )

  (module Resistor_SMD:R_0603_1608Metric (layer F.Cu) (tedit 5B301BBD) (tstamp 5DFA35B4)
    (at 175.43 61.08)
    (descr "Resistor SMD 0603 (1608 Metric), square (rectangular) end terminal, IPC_7351 nominal, (Body size source: http://www.tortai-tech.com/upload/download/2011102023233369053.pdf), generated with kicad-footprint-generator")
    (tags resistor)
    (path /drv1/drv/a_gate_res)
    (attr smd)
    (fp_text reference R11 (at 0 1.27 180) (layer F.SilkS)
      (effects (font (size 0.75 0.6) (thickness 0.1)))
    )
    (fp_text value "2.2, 1%, 0.1W" (at 0 1.43 180) (layer F.Fab)
      (effects (font (size 0.75 0.6) (thickness 0.1)))
    )
    (fp_text user %R (at 0 0 180) (layer F.Fab)
      (effects (font (size 0.75 0.6) (thickness 0.1)))
    )
    (fp_line (start 1.48 0.73) (end -1.48 0.73) (layer F.CrtYd) (width 0.05))
    (fp_line (start 1.48 -0.73) (end 1.48 0.73) (layer F.CrtYd) (width 0.05))
    (fp_line (start -1.48 -0.73) (end 1.48 -0.73) (layer F.CrtYd) (width 0.05))
    (fp_line (start -1.48 0.73) (end -1.48 -0.73) (layer F.CrtYd) (width 0.05))
    (fp_line (start -0.162779 0.51) (end 0.162779 0.51) (layer F.SilkS) (width 0.12))
    (fp_line (start -0.162779 -0.51) (end 0.162779 -0.51) (layer F.SilkS) (width 0.12))
    (fp_line (start 0.8 0.4) (end -0.8 0.4) (layer F.Fab) (width 0.1))
    (fp_line (start 0.8 -0.4) (end 0.8 0.4) (layer F.Fab) (width 0.1))
    (fp_line (start -0.8 -0.4) (end 0.8 -0.4) (layer F.Fab) (width 0.1))
    (fp_line (start -0.8 0.4) (end -0.8 -0.4) (layer F.Fab) (width 0.1))
    (pad 2 smd roundrect (at 0.7875 0) (size 0.875 0.95) (layers F.Cu F.Paste F.Mask) (roundrect_rratio 0.25)
      (net 34 R11.2))
    (pad 1 smd roundrect (at -0.7875 0) (size 0.875 0.95) (layers F.Cu F.Paste F.Mask) (roundrect_rratio 0.25)
      (net 37 U6.15))
    (model ${KISYS3DMOD}/Resistor_SMD.3dshapes/R_0603_1608Metric.wrl
      (at (xyz 0 0 0))
      (scale (xyz 1 1 1))
      (rotate (xyz 0 0 0))
    )
  )

  (module Resistor_SMD:R_0603_1608Metric (layer B.Cu) (tedit 5B301BBD) (tstamp 5DFA35EE)
    (at 170.35 54.095 180)
    (descr "Resistor SMD 0603 (1608 Metric), square (rectangular) end terminal, IPC_7351 nominal, (Body size source: http://www.tortai-tech.com/upload/download/2011102023233369053.pdf), generated with kicad-footprint-generator")
    (tags resistor)
    (path /drv1/drv/boot_res)
    (attr smd)
    (fp_text reference R10 (at 0 -1.27) (layer B.SilkS)
      (effects (font (size 0.75 0.6) (thickness 0.1)) (justify mirror))
    )
    (fp_text value "2.2, 1%, 0.1W" (at 0 -1.43) (layer B.Fab)
      (effects (font (size 0.75 0.6) (thickness 0.1)) (justify mirror))
    )
    (fp_line (start -0.8 -0.4) (end -0.8 0.4) (layer B.Fab) (width 0.1))
    (fp_line (start -0.8 0.4) (end 0.8 0.4) (layer B.Fab) (width 0.1))
    (fp_line (start 0.8 0.4) (end 0.8 -0.4) (layer B.Fab) (width 0.1))
    (fp_line (start 0.8 -0.4) (end -0.8 -0.4) (layer B.Fab) (width 0.1))
    (fp_line (start -0.162779 0.51) (end 0.162779 0.51) (layer B.SilkS) (width 0.12))
    (fp_line (start -0.162779 -0.51) (end 0.162779 -0.51) (layer B.SilkS) (width 0.12))
    (fp_line (start -1.48 -0.73) (end -1.48 0.73) (layer B.CrtYd) (width 0.05))
    (fp_line (start -1.48 0.73) (end 1.48 0.73) (layer B.CrtYd) (width 0.05))
    (fp_line (start 1.48 0.73) (end 1.48 -0.73) (layer B.CrtYd) (width 0.05))
    (fp_line (start 1.48 -0.73) (end -1.48 -0.73) (layer B.CrtYd) (width 0.05))
    (fp_text user %R (at 0 0) (layer B.Fab)
      (effects (font (size 0.75 0.6) (thickness 0.1)) (justify mirror))
    )
    (pad 1 smd roundrect (at -0.7875 0 180) (size 0.875 0.95) (layers B.Cu B.Paste B.Mask) (roundrect_rratio 0.25)
      (net 5 vin))
    (pad 2 smd roundrect (at 0.7875 0 180) (size 0.875 0.95) (layers B.Cu B.Paste B.Mask) (roundrect_rratio 0.25)
      (net 32 D3.2))
    (model ${KISYS3DMOD}/Resistor_SMD.3dshapes/R_0603_1608Metric.wrl
      (at (xyz 0 0 0))
      (scale (xyz 1 1 1))
      (rotate (xyz 0 0 0))
    )
  )

  (module Capacitor_SMD:C_0603_1608Metric (layer B.Cu) (tedit 5B301BBE) (tstamp 5E078FE6)
    (at 163.365 68.7 270)
    (descr "Capacitor SMD 0603 (1608 Metric), square (rectangular) end terminal, IPC_7351 nominal, (Body size source: http://www.tortai-tech.com/upload/download/2011102023233369053.pdf), generated with kicad-footprint-generator")
    (tags capacitor)
    (path /drv1/drv/dt_cap)
    (attr smd)
    (fp_text reference C21 (at 0 0.889 270) (layer B.SilkS)
      (effects (font (size 0.75 0.6) (thickness 0.1)) (justify mirror))
    )
    (fp_text value "2200pF, 50V, CL10B222JB8NNNC" (at 0 -1.43 270) (layer B.Fab)
      (effects (font (size 0.75 0.6) (thickness 0.1)) (justify mirror))
    )
    (fp_line (start -0.8 -0.4) (end -0.8 0.4) (layer B.Fab) (width 0.1))
    (fp_line (start -0.8 0.4) (end 0.8 0.4) (layer B.Fab) (width 0.1))
    (fp_line (start 0.8 0.4) (end 0.8 -0.4) (layer B.Fab) (width 0.1))
    (fp_line (start 0.8 -0.4) (end -0.8 -0.4) (layer B.Fab) (width 0.1))
    (fp_line (start -0.162779 0.51) (end 0.162779 0.51) (layer B.SilkS) (width 0.12))
    (fp_line (start -0.162779 -0.51) (end 0.162779 -0.51) (layer B.SilkS) (width 0.12))
    (fp_line (start -1.48 -0.73) (end -1.48 0.73) (layer B.CrtYd) (width 0.05))
    (fp_line (start -1.48 0.73) (end 1.48 0.73) (layer B.CrtYd) (width 0.05))
    (fp_line (start 1.48 0.73) (end 1.48 -0.73) (layer B.CrtYd) (width 0.05))
    (fp_line (start 1.48 -0.73) (end -1.48 -0.73) (layer B.CrtYd) (width 0.05))
    (fp_text user %R (at 0 0 270) (layer B.Fab)
      (effects (font (size 0.75 0.6) (thickness 0.1)) (justify mirror))
    )
    (pad 1 smd roundrect (at -0.7875 0 270) (size 0.875 0.95) (layers B.Cu B.Paste B.Mask) (roundrect_rratio 0.25)
      (net 29 R12.1))
    (pad 2 smd roundrect (at 0.7875 0 270) (size 0.875 0.95) (layers B.Cu B.Paste B.Mask) (roundrect_rratio 0.25)
      (net 6 gnd))
    (model ${KISYS3DMOD}/Capacitor_SMD.3dshapes/C_0603_1608Metric.wrl
      (at (xyz 0 0 0))
      (scale (xyz 1 1 1))
      (rotate (xyz 0 0 0))
    )
  )

  (module Resistor_SMD:R_0603_1608Metric (layer B.Cu) (tedit 5B301BBD) (tstamp 5DFA3610)
    (at 165.905 68.7 270)
    (descr "Resistor SMD 0603 (1608 Metric), square (rectangular) end terminal, IPC_7351 nominal, (Body size source: http://www.tortai-tech.com/upload/download/2011102023233369053.pdf), generated with kicad-footprint-generator")
    (tags resistor)
    (path /drv1/drv/dt_res)
    (attr smd)
    (fp_text reference R12 (at 0 1.016 270) (layer B.SilkS)
      (effects (font (size 0.75 0.6) (thickness 0.1)) (justify mirror))
    )
    (fp_text value "22k, 1%, 0.1W" (at 0 -1.43 270) (layer B.Fab)
      (effects (font (size 0.75 0.6) (thickness 0.1)) (justify mirror))
    )
    (fp_line (start -0.8 -0.4) (end -0.8 0.4) (layer B.Fab) (width 0.1))
    (fp_line (start -0.8 0.4) (end 0.8 0.4) (layer B.Fab) (width 0.1))
    (fp_line (start 0.8 0.4) (end 0.8 -0.4) (layer B.Fab) (width 0.1))
    (fp_line (start 0.8 -0.4) (end -0.8 -0.4) (layer B.Fab) (width 0.1))
    (fp_line (start -0.162779 0.51) (end 0.162779 0.51) (layer B.SilkS) (width 0.12))
    (fp_line (start -0.162779 -0.51) (end 0.162779 -0.51) (layer B.SilkS) (width 0.12))
    (fp_line (start -1.48 -0.73) (end -1.48 0.73) (layer B.CrtYd) (width 0.05))
    (fp_line (start -1.48 0.73) (end 1.48 0.73) (layer B.CrtYd) (width 0.05))
    (fp_line (start 1.48 0.73) (end 1.48 -0.73) (layer B.CrtYd) (width 0.05))
    (fp_line (start 1.48 -0.73) (end -1.48 -0.73) (layer B.CrtYd) (width 0.05))
    (fp_text user %R (at 0 0 270) (layer B.Fab)
      (effects (font (size 0.75 0.6) (thickness 0.1)) (justify mirror))
    )
    (pad 1 smd roundrect (at -0.7875 0 270) (size 0.875 0.95) (layers B.Cu B.Paste B.Mask) (roundrect_rratio 0.25)
      (net 29 R12.1))
    (pad 2 smd roundrect (at 0.7875 0 270) (size 0.875 0.95) (layers B.Cu B.Paste B.Mask) (roundrect_rratio 0.25)
      (net 6 gnd))
    (model ${KISYS3DMOD}/Resistor_SMD.3dshapes/R_0603_1608Metric.wrl
      (at (xyz 0 0 0))
      (scale (xyz 1 1 1))
      (rotate (xyz 0 0 0))
    )
  )

  (module Package_SO:SOIC-16_3.9x9.9mm_P1.27mm (layer F.Cu) (tedit 5A02F2D3) (tstamp 5DFA3635)
    (at 169.715 65.525)
    (descr "16-Lead Plastic Small Outline (SL) - Narrow, 3.90 mm Body [SOIC] (see Microchip Packaging Specification 00000049BS.pdf)")
    (tags "SOIC 1.27")
    (path /drv1/drv/ic)
    (attr smd)
    (fp_text reference U6 (at 0 -5.715) (layer F.SilkS)
      (effects (font (size 0.75 0.6) (thickness 0.1)))
    )
    (fp_text value UCC21222 (at 0 6) (layer F.Fab)
      (effects (font (size 0.75 0.6) (thickness 0.1)))
    )
    (fp_text user %R (at 0 0) (layer F.Fab)
      (effects (font (size 0.75 0.6) (thickness 0.1)))
    )
    (fp_line (start -0.95 -4.95) (end 1.95 -4.95) (layer F.Fab) (width 0.15))
    (fp_line (start 1.95 -4.95) (end 1.95 4.95) (layer F.Fab) (width 0.15))
    (fp_line (start 1.95 4.95) (end -1.95 4.95) (layer F.Fab) (width 0.15))
    (fp_line (start -1.95 4.95) (end -1.95 -3.95) (layer F.Fab) (width 0.15))
    (fp_line (start -1.95 -3.95) (end -0.95 -4.95) (layer F.Fab) (width 0.15))
    (fp_line (start -3.7 -5.25) (end -3.7 5.25) (layer F.CrtYd) (width 0.05))
    (fp_line (start 3.7 -5.25) (end 3.7 5.25) (layer F.CrtYd) (width 0.05))
    (fp_line (start -3.7 -5.25) (end 3.7 -5.25) (layer F.CrtYd) (width 0.05))
    (fp_line (start -3.7 5.25) (end 3.7 5.25) (layer F.CrtYd) (width 0.05))
    (fp_line (start -2.075 -5.075) (end -2.075 -5.05) (layer F.SilkS) (width 0.15))
    (fp_line (start 2.075 -5.075) (end 2.075 -4.97) (layer F.SilkS) (width 0.15))
    (fp_line (start 2.075 5.075) (end 2.075 4.97) (layer F.SilkS) (width 0.15))
    (fp_line (start -2.075 5.075) (end -2.075 4.97) (layer F.SilkS) (width 0.15))
    (fp_line (start -2.075 -5.075) (end 2.075 -5.075) (layer F.SilkS) (width 0.15))
    (fp_line (start -2.075 5.075) (end 2.075 5.075) (layer F.SilkS) (width 0.15))
    (fp_line (start -2.075 -5.05) (end -3.45 -5.05) (layer F.SilkS) (width 0.15))
    (pad 1 smd rect (at -2.7 -4.445) (size 1.5 0.6) (layers F.Cu F.Paste F.Mask)
      (net 27 R8.2))
    (pad 2 smd rect (at -2.7 -3.175) (size 1.5 0.6) (layers F.Cu F.Paste F.Mask)
      (net 28 U6.2))
    (pad 3 smd rect (at -2.7 -1.905) (size 1.5 0.6) (layers F.Cu F.Paste F.Mask)
      (net 12 drv1.pwr))
    (pad 4 smd rect (at -2.7 -0.635) (size 1.5 0.6) (layers F.Cu F.Paste F.Mask)
      (net 6 gnd))
    (pad 5 smd rect (at -2.7 0.635) (size 1.5 0.6) (layers F.Cu F.Paste F.Mask)
      (net 13 gpio_conn.gp0))
    (pad 6 smd rect (at -2.7 1.905) (size 1.5 0.6) (layers F.Cu F.Paste F.Mask)
      (net 29 R12.1))
    (pad 7 smd rect (at -2.7 3.175) (size 1.5 0.6) (layers F.Cu F.Paste F.Mask))
    (pad 8 smd rect (at -2.7 4.445) (size 1.5 0.6) (layers F.Cu F.Paste F.Mask)
      (net 12 drv1.pwr))
    (pad 9 smd rect (at 2.7 4.445) (size 1.5 0.6) (layers F.Cu F.Paste F.Mask)
      (net 6 gnd))
    (pad 10 smd rect (at 2.7 3.175) (size 1.5 0.6) (layers F.Cu F.Paste F.Mask)
      (net 20 R13.1))
    (pad 11 smd rect (at 2.7 1.905) (size 1.5 0.6) (layers F.Cu F.Paste F.Mask)
      (net 5 vin))
    (pad 12 smd rect (at 2.7 0.635) (size 1.5 0.6) (layers F.Cu F.Paste F.Mask))
    (pad 13 smd rect (at 2.7 -0.635) (size 1.5 0.6) (layers F.Cu F.Paste F.Mask))
    (pad 14 smd rect (at 2.7 -1.905) (size 1.5 0.6) (layers F.Cu F.Paste F.Mask)
      (net 4 motor.a))
    (pad 15 smd rect (at 2.7 -3.175) (size 1.5 0.6) (layers F.Cu F.Paste F.Mask)
      (net 37 U6.15))
    (pad 16 smd rect (at 2.7 -4.445) (size 1.5 0.6) (layers F.Cu F.Paste F.Mask)
      (net 30 U6.16))
    (model ${KISYS3DMOD}/Package_SO.3dshapes/SOIC-16_3.9x9.9mm_P1.27mm.wrl
      (at (xyz 0 0 0))
      (scale (xyz 1 1 1))
      (rotate (xyz 0 0 0))
    )
  )

  (module Capacitor_SMD:C_0603_1608Metric (layer B.Cu) (tedit 5B301BBE) (tstamp 5DFA3646)
    (at 168.445 61.715 90)
